"drpm" "wddp" "lddp" "gmddp" "indcrp" "longcrp"
1385.63729587765 2270.9809797021 1532.58431586369 2345.55909091308 1712.47448130299 1701.42378962199
1459.17761225516 2290.40857040521 1776.58215647787 2366.48915346552 1743.31448947325 1706.5480974645
1473.90354351802 2228.74872467559 1469.61884474724 2303.31758611319 1710.57464367991 1651.04243254467
1373.19293297303 2102.3680322365 1631.78375900911 2161.54268046794 1529.34602514508 1536.10743004813
1421.2747798532 2220.65542155201 1616.95553882346 2271.45355744192 1688.34079526665 1634.03005619538
1234.89660402138 2190.02239438618 1509.66357294941 2264.75805326822 1676.75726524017 1614.70808572226
1427.78820056323 2291.39897735554 1545.78161227964 2363.03448058349 1766.93722273561 1730.40994851589
1562.086569317 2263.80663265982 1554.72546955329 2331.36359180109 1739.74737841286 1656.55888746708
1494.42999674617 2247.48148089584 1650.46653707607 2293.05343586522 1689.8562083213 1654.09046119091
1585.36405382297 2310.44943532651 1602.77680149424 2368.08428400398 1725.06119253031 1708.51283442903
1345.72715977256 2204.00990299178 1806.26518604861 2262.67462327466 1689.17424117614 1655.80618577337
1408.18890919528 2178.79796252681 1686.38742597835 2257.66870725265 1610.52671078411 1602.1285112002
1612.04081137349 2323.30790740885 1517.92538273321 2397.27711488483 Inf 1763.93420253406
1546.2488128364 2286.72807414064 1769.41120756737 2354.61397219382 Inf 1713.1489805031
1439.61916675794 2405.77748572737 1751.16153691379 2471.81431104992 1854.57697577173 1831.52436991833
1380.26840083923 2206.02044522568 1674.61358433748 2274.64399395718 1645.37137271088 Inf
1396.68247101588 2225.00526072758 1781.39876015085 2294.81778518696 1697.35667355711 1649.38447853687
1479.97214411672 2307.07946128184 1630.93028003919 2358.89845703276 1752.64274182627 1707.3941125751
1409.0711396088 2231.55492223344 1503.5321161203 2286.15790211951 1724.95427932828 1659.12280466027
1393.02036837146 2294.54893923075 1674.49365964493 2363.85144994574 1720.99669252901 1706.1040523832
1325.10975851922 2150.8284208824 1486.6232559318 2228.58005508892 1632.18725468696 1585.36663283376
1407.40970544012 2193.43173240593 1678.42231099982 2255.7149339788 1661.44616791705 1633.67507758134
1398.97457374357 2261.1552677903 1743.24106747198 2335.9466017063 Inf 1681.497957707
1403.5335199362 2260.1081946852 1655.63072789985 2335.79338993282 1703.19550224177 1679.53796077394
1511.4712612987 2189.66582279317 1905.92127934394 2274.4061608833 1656.49690452577 1623.6412526282
1310.23876707248 2207.97960802197 1494.02859691292 2274.74039082145 1651.23322817375 1619.54943867403
1323.85246752601 2259.96876250269 1831.86938890336 2314.22089687495 1676.80068142396 1663.75190708594
1519.11352162301 2242.12500144312 1789.02894771005 2312.753925984 1717.19908534528 1689.89883999746
1418.12853390381 2239.80186306375 1910.266477179 2307.768511652 1719.902189726 1684.01234585543
1489.63797659329 2285.44272165683 1752.6695288803 2349.91418742696 1787.55555662166 1729.63306613587
1386.91328324527 2254.89014606684 1932.60461634536 2332.60872123083 1712.49759617157 1639.34573426227
1478.70756676726 2294.40951136097 1727.51504773586 2367.79391146628 Inf 1737.46873637848
1603.73069172988 2345.16734736534 1837.32102045804 2409.94382004058 1834.12079774663 1774.1857105228
1495.65889651543 2097.65756966097 1671.60688844982 2161.99513143794 1510.38697914982 1523.32029237565
1439.42603327284 2321.13846455081 1864.4006976917 2377.70857274202 Inf 1724.39994816949
1416.93099440675 2300.75667467349 1657.72881615592 2354.48128593609 1734.63534579003 1724.06771674773
1497.06478352136 2313.93490858234 1592.17319353924 2373.66537000454 1828.12979844865 1719.83656659395
1483.1904789132 2269.52001156154 1522.30444933081 2324.85034641542 1738.24876766572 1704.89624369344
1592.65783825876 2261.70330710188 1801.33029260367 2334.07027044961 1712.22146488194 1695.9463909273
1365.70433694565 2247.96172990768 1541.8903961831 2318.85453993249 1682.23653597946 1682.53080349103
1384.1111385826 2196.38754460742 1733.35212230965 2270.90940478752 Inf 1623.78883044665
1385.693577863 2225.61501967361 1719.10033556098 2299.31380412098 1662.36324260224 1631.33437213028
1416.53550217779 2249.97595284094 1560.68078532436 2316.18043703004 1700.03340464077 1690.96592130384
1533.42927751013 2274.18590699435 1723.76146179893 2337.23388476277 1709.13211568579 1698.96160613677
1506.39283149049 2217.52735830799 1683.36382435556 2284.57962466745 Inf 1629.25414338231
1564.597913024 2246.33023159797 1665.32305195864 2306.24714248513 1688.51557926695 1614.94772118137
1395.14160697901 2176.03913247462 1774.23113759621 2248.21383622932 1643.77505665003 1596.90897331524
1421.24375564787 2159.59391681888 1646.35815265214 2233.05768198113 Inf 1607.14131751979
1510.16364610495 2283.20334163108 1920.90361981957 2361.4496181588 1710.0123964456 1694.38261246768
1516.45141526818 2343.13227975473 1655.27583685202 2400.29830679631 Inf 1764.66206053735
1492.71450016419 2222.15051507609 1645.19480942826 2290.63724052171 Inf 1641.93297206805
1312.00655709671 2166.302127338 1678.34647354541 2216.23592213768 1575.04951994446 1557.6142065955
1350.02507954527 2219.12038116631 1598.58541425485 2269.78255286216 1716.84764133398 1616.60985861192
1510.28617842727 2262.52782947689 1552.41578888558 2338.38843272364 Inf Inf
1452.22743587383 2229.33891300012 1615.49266154438 2304.37958232614 Inf 1652.28744250127
1401.25103522401 2233.95659511453 1660.97555050914 2303.78731043347 Inf 1655.8897505823
1423.34239684213 2215.0526749121 1698.29296389035 2289.46775346461 1654.24171214008 1652.07755000327
1444.81140279783 2358.81222437901 1675.11930395379 2410.21606818057 1805.53920266351 1789.69489416801
1561.99513216271 2297.44114856852 1705.46601800824 2361.04268585797 1843.57450836565 1736.90464859164
1396.99018617031 2194.98709160299 1791.07641788838 2267.38549326751 1660.66142604215 Inf
1366.88243835268 2191.93817387648 1722.8682354856 2257.39483527483 1668.50544865842 1617.98801458604
1532.84161331762 2143.32124269959 1706.34543641227 2218.88697235171 Inf 1580.80583432526
1554.76143750514 2252.3188261717 1637.14680516526 2316.68067316521 Inf 1695.84180728556
1547.36540940251 2296.81870906962 1568.08260388 2371.12428391713 1751.06636586653 1717.14177713491
1618.50199191551 2377.39154511934 1680.82988716319 2451.03449533328 1802.80908848808 1790.72142887072
1418.85980346269 2206.18332121603 1747.58736733212 2280.15231085227 1652.82967696894 1647.30801858573
1380.02394470252 2262.24232255896 1749.85542001408 2314.98744365527 1739.57238774413 1673.03156776533
1765.47644263646 2372.84772484388 1629.83347168931 2444.4023784694 1838.96978216273 1779.18584918346
1574.69955818405 2352.63770526372 1628.03259353278 2405.4572776254 1966.75203729774 1763.29305122826
1497.36148791017 2283.42289860866 1776.13850581152 2353.93264520456 1789.54058669314 1695.1369966232
1436.98490521541 2242.71158574588 1689.83054092205 2283.06143518416 1668.66786882191 1662.34136198524
1358.89900234078 2214.39420598386 1757.82825063546 2253.08681067028 1602.34323869587 1603.03177945569
1419.38321765544 2254.35815828039 1635.13333116275 2332.17431010736 1687.80811173626 1676.14024666806
1572.94698259314 2419.89439366699 1510.3321338817 2485.68142654677 1852.9804802773 1813.78755436658
1380.90235776373 2177.05826004235 1847.65971402574 2249.5762209722 1634.84810084077 1617.25556647849
1382.34120006757 2244.46966565766 1833.6563232221 2308.02221150999 1670.69932697443 1672.51657356787
1459.71617156744 2264.22205244335 1486.8071459021 2330.94256292824 1745.71447642655 1687.34540424607
1350.52397046966 2199.53074581371 1673.88809642828 2262.86119102167 1595.65247562668 1617.14314491522
1448.17878529551 2240.02666224992 1757.98860810731 2318.5466273599 1688.23488063701 1670.86529034575
1290.81631690289 2133.09517759194 1956.45778847766 2202.79282882814 Inf 1566.88912014079
1442.88800154351 2207.87326117643 2053.46154900265 2269.09034920961 Inf 1651.00505316062
1503.79648414978 2266.87911224203 1708.25398415542 2340.55683652657 1719.35700410041 1690.21619447615
1447.16012021776 2155.19669584188 1715.0652333216 2216.03383891186 1646.06258508416 1592.17775937952
1527.78057264617 2319.61884411773 1546.33399740012 2396.03694319017 Inf 1759.20880337564
1739.98821222451 2310.39616397504 1627.65203227515 2369.77397112446 1789.51863611451 1723.29771625914
1471.82245836834 2186.2842638847 1502.89722500516 2255.38693924599 1756.41398192657 1610.79295753253
1478.04734061118 2242.01639580271 1706.24087912413 2306.64542898415 1710.34221187817 1666.07826082251
1570.27924150202 2361.77208603243 1730.09435294818 2430.14391678883 Inf 1767.05255413765
1620.29689968679 2283.39662627003 1713.86392164081 2353.55147068454 1770.41747327109 1700.16583355982
1565.82513195526 2290.37164788367 1844.97751650659 2343.09010690859 1738.58076787428 1694.40902706809
1323.14463308895 2173.84270115531 1600.75104071552 2234.07254246416 1608.88620802894 1591.13508899328
1366.51659597015 2158.90738175198 1723.07445690639 2218.47407968412 Inf 1598.74127898725
1621.20279072489 2304.90301323534 2032.66747456675 2371.4249500674 1790.15320942351 1738.76556593666
1411.82335765975 2294.72647837803 1970.29595187911 2357.52528753108 1739.34098194836 1724.73320525407
1435.27272321203 2202.6973324606 1755.13159431698 2262.02511721054 1651.33965564441 1635.79453112978
1547.12083759476 2350.07772126307 1706.44579970088 2416.64888661094 1795.92459760222 Inf
1461.74280882859 2305.58204211765 1552.34869837632 2370.362419707 1730.08856391471 1733.75223421796
1622.48786407417 2353.90631666494 1625.70591464652 2423.34614908901 1821.2375460217 1789.31904854594
1613.66095416695 2276.62916139032 1478.67681183386 2355.78804685235 1746.4358649263 1727.12921733745
1361.2347862346 2224.94433553125 1707.23053105002 2300.90244564259 1663.13993836207 1661.56877968525
