"drpm" "wddp" "lddp" "gmddp" "indcrp" "longcrp"
2964.22554721627 5391.49167998276 1853.56350476493 -2788.81011152411 4336.03482280711 4102.29788449769
3389.28458346352 5521.66260456439 1885.99687983073 -2842.70720378921 4518.53472022546 4335.49344710847
2591.90995110208 5131.51558661215 1687.01243697758 -2655.43239725033 4071.34219919585 3949.27796648247
3034.56267571 5182.02728724366 1821.27960663511 -2633.69969781508 4117.6444904003 3776.87898353944
2686.98546012028 5201.51808775185 1748.95268825743 -2695.51394864528 4108.68299407177 3989.60651804288
2869.94736017116 5255.22035608565 2093.02899923056 -2706.09713486264 4057.7788813169 3941.33406037298
2966.82363763349 5310.33336703028 1982.3570302583 -2753.50446305316 Inf 4124.39005286996
3006.23105691481 5476.42192108791 1902.8226971905 -2811.88735314655 4353.30707944241 4277.83690855334
3521.0751865666 5667.43478558637 1698.06181474319 -2906.00713786195 Inf 4495.82435173749
2916.36686328997 4982.37566445666 1803.73427056148 -2539.90107274288 3953.66083774116 3786.79699680278
3471.88704396523 5545.15732228903 1848.29479397389 -2848.55676367177 4458.401070066 4328.65346350272
2848.32699391984 5355.02868070409 1734.94776928445 -2766.30969881855 4322.95103425009 4220.68740384012
2986.08194711496 5284.87498881329 1779.60368083244 -2725.75097935768 4262.01955719539 4145.36947602602
2805.02777156401 5394.2528569402 1670.48590214646 -2767.80184482891 Inf 4190.71680341605
3335.73629588016 5378.60274276999 1903.32863487824 -2791.3024024562 4299.18296287047 3969.18605155789
3032.71915312879 5376.67341443577 1777.03007392665 -2782.15490223849 Inf 4213.02831229201
2585.51319614083 5128.96216608029 1715.62222406418 -2631.87728204169 3960.50310992343 3893.84823245645
3092.67903891055 5281.77832614316 1812.53085252897 -2714.12301507322 Inf 4077.71792569712
3196.14753040403 5262.52615180873 1917.44493690667 -2703.59094972998 4095.67042256833 4056.50101345312
2997.62794750225 5121.61031317083 1952.65041043326 -2659.29762000434 4088.30700336579 3920.20573732525
2627.89779170644 5194.15434248133 1994.6225299753 -2662.15571762092 4102.3957185832 4010.68664726596
3086.31816068557 5378.40878362856 1738.30868074764 -2758.49173300244 4259.47043924283 4170.27738863598
3148.98440722644 5309.00548980227 1819.07828236715 -2719.12201818381 4562.56924656298 4085.87214218813
2990.1448432423 5270.01813542499 1777.12688826129 -2725.21673041609 4165.13966790329 4084.39981921985
2944.75754318163 5399.25731578986 1825.67448038886 -2805.80773598895 4354.32143184975 4280.90398625475
3063.04756142668 5419.86471892016 1889.99497322726 -2808.65165497291 4417.98801704239 4215.33720938391
3144.77736167433 5362.95196413678 1772.25082820271 -2774.27254653867 4327.59931083055 4176.1724932706
2954.58658766556 5388.25007278881 1822.67252965021 -2779.4559945772 4378.90029441028 4223.51414774648
2715.7307473398 5068.80119190463 1686.17545837958 -2621.98263304967 4042.40838740139 3914.07120052003
2737.92632553289 5352.27526480093 1827.55359018872 -2764.27260581072 4180.00519856075 4134.38002864778
3206.0214598569 5437.44503555453 1734.16750919108 -2788.87185627131 4268.4026449892 4102.34517783112
3333.82360536954 5351.21209930296 1758.62812922882 -2757.14210697603 4468.20773505154 4122.88356823421
2864.75510417036 5173.21505577057 1835.39551095452 -2689.02291895453 4073.3901862538 3936.25048704907
3227.5752994012 5502.99757885165 1704.12265810777 -2819.21177360259 4530.20973311925 4258.32981198818
3182.66969321677 5458.04924035694 1784.60922116067 -2807.74954970159 4408.12981562529 4187.13285583668
3062.47508556831 5420.62469734812 1794.36578919512 -2802.43052244999 4356.97792740882 4165.29766742903
3333.40771568573 5441.11928191424 1771.81228119473 -2811.33413387211 4406.19752067696 4115.56045399561
2974.25709747162 5316.41778977951 1672.5354310218 -2750.72894621607 4249.87760977909 4134.69683552726
2523.92660691049 5232.7937264622 1755.97856484823 -2671.27072160861 Inf 3973.84239898147
2991.90678805131 5352.01709101669 1617.87882121131 -2781.34046382007 Inf 4116.61724532563
3288.76049188217 5379.90762410115 1833.46490556723 -2746.15755513377 4187.8997820259 4075.26332422329
3096.94869111233 5334.61190696801 1694.63342724823 -2752.15652999866 4227.14515427877 4068.81960890505
2599.7531336439 5041.1043389068 2120.75281594197 -2596.00098184912 3980.10510440258 3828.23672558398
2899.70020353304 5345.68912774855 1938.74887334622 -2753.8288280245 4219.23155451896 4155.48495632427
3200.09997552735 5485.6853942054 1881.27396491132 -2835.02598059846 4409.36967819738 4281.79098872776
3062.14045941988 5348.53199516506 1942.708489228 -2727.170181502 4369.16943902086 4126.11270095016
3547.34989648851 5421.96038848873 1835.24750567303 -2810.80666467818 4369.2018213821 4230.02319513151
2915.63619722351 5187.69150269926 1837.1469080963 -2668.88940063452 3988.99765302904 3850.73561829687
3271.9802386746 5434.84082219782 1766.94460394555 -2811.62055022832 4372.54269072134 4243.77808221193
3322.26314008614 5636.78767212354 1791.16823111026 -2907.62815900371 4584.41744637251 4441.92341915936
2775.93439670137 5405.09274075264 1945.28456393438 -2794.55612990598 Inf Inf
2482.81685686679 5031.03669884507 1883.63336163634 -2598.14709124867 3955.80775187065 3855.72660598621
3468.03076630807 5322.36835588443 1796.04799066666 -2746.30320173844 4262.43450416994 4139.45684160622
3241.49951694796 5354.08417463396 1692.16132051964 -2753.14360973973 4225.27077911559 4058.22805201136
2835.30930147624 5331.68194707399 1921.1236360632 -2758.13263949593 4198.74729242254 4102.29952930252
2917.08663128192 5396.87804801164 1774.53322466771 -2779.92801543167 4228.292938998 4136.68634375489
3380.28800369188 5480.46982129324 1920.37497970359 -2846.89981313083 4528.9514041294 4352.28741361523
2962.80076376237 5452.67606050016 1623.66158171418 -2805.88801758199 Inf 4242.03207466921
3647.28965479595 5616.43949333602 1809.8280654146 -2903.18324415219 4776.33012379707 4411.15902111126
3158.89632977031 5410.20042371694 1764.25325998006 -2798.5888273747 4361.56514637119 4209.86722332026
3297.34799782435 5354.18452826061 1789.56728491299 -2721.2819180578 4263.53814673755 4063.34224768108
2899.96674108674 5535.65027889433 1906.53705808821 -2860.16518354966 4440.14685595346 4326.531456813
3108.42056949441 5284.8409664907 1965.94874934141 -2704.4343243363 Inf 4039.16725793823
3489.53967592548 5617.14743400161 1712.78043698813 -2872.27782911422 4462.32269390542 4199.74258847756
2655.35480302694 5287.44399973873 1866.70746600369 -2734.28082448897 4158.12573383924 4095.47028041984
3307.03433410983 5509.06445293703 1743.02626757496 -2840.96888917674 4388.96028508498 4324.43323089624
3176.56104769979 5257.33968870246 1764.44493539105 -2714.27356865739 Inf 4097.61895876489
3037.83056083922 5461.49983310925 1765.69444088601 -2813.1757095799 4307.64388197373 4178.90991577857
2991.14581795435 5472.56139122953 1880.14961022714 -2826.32568786843 4316.80315256525 4253.89774195041
2789.46424009037 5070.5470384396 1717.34217525386 -2620.7633492414 4071.24366310405 3868.83500271792
3450.66908427605 5391.93054818333 1786.91547887598 -2771.5543222357 4394.14677706126 4179.69925191133
3158.94569573016 5308.79804796397 1785.48427511196 -2740.75201779893 4231.72523967289 4038.48222294343
2941.10465207607 5389.6298228401 1738.01504794183 -2741.80634738002 4511.16794246433 3859.2162029489
3382.76573777132 5432.73946454289 1757.7909529745 -2786.50470346583 4420.16110369138 4100.48311283572
3174.31985846627 5386.86619558564 1751.19373860536 -2778.47102168008 Inf 4184.62109825307
2629.65705257731 5203.63633187768 1848.97035533198 -2685.46352223141 4055.49020183956 3985.38786495733
3081.71178379432 5403.85451439677 1801.90202603728 -2798.35531606644 4336.68752223133 4246.41132485375
3019.53557994101 5509.93610036027 1795.00087616046 -2844.11847641779 4435.58003998474 4306.71139788022
2873.50520457801 5132.9885243052 1784.52783768346 -2659.92757703723 4117.60857325905 3981.3674453491
3168.33294416796 5321.26132076468 1738.30657513718 -2735.06169255799 4521.37260062548 4073.12931942117
3151.01319130151 5082.94330477938 1984.44091161941 -2609.97550533386 4096.74773020062 3819.79854966862
2858.0828868486 5362.89047878236 1688.03121717991 -2770.80938301982 Inf 4080.23134837692
3447.55096181827 5421.91281680763 1651.20041998965 -2808.27405273853 Inf 4192.97171072462
3461.73393529227 5324.13091792631 1816.10895964146 -2755.77247537629 4266.39966003045 4063.39181135648
3517.5146725251 5568.27318428525 1918.84883915279 -2861.49595328363 4441.76212002359 4348.02567413203
2837.38610057717 5356.34635064873 1739.41578344322 -2761.11503514311 Inf 4148.25825175241
2868.14339466602 5443.8701114602 1776.57700399073 -2797.73371606882 4317.11508022833 4192.8937899422
3096.79363824523 5416.02037634488 1920.02896015115 -2785.26400481325 4396.12936797176 4229.55892759934
3251.6191884422 5392.13058273207 1746.72839628326 -2779.57500256089 4360.89343329903 4144.78752982756
2950.92905740106 5524.37909475371 1779.22036573332 -2852.49212694498 4420.01829096053 4317.87661511029
2931.76562704581 5342.85793218652 1801.64612743119 -2749.54965536206 4285.31695448645 4178.23322444027
2670.20550998897 5080.75361935698 2016.10130557227 -2607.06821045009 4052.05279751166 3941.25576275043
3352.75432001435 5498.76319939096 1821.12356049702 -2837.2491160732 4487.48521766824 4262.39516713564
2811.97326508029 5342.69839557219 1788.94169348129 -2754.64403776933 4227.4087627785 4158.44915196356
3143.71377161991 5413.88084270907 1768.29961313641 -2788.23260558689 4367.19642177199 4257.51499893918
3617.01857726464 5619.44841796923 1841.30712710489 -2908.40818766472 4509.74499903893 4388.96634972201
2811.92664445458 5232.45037814696 1716.34125401047 -2700.39826592382 4160.05243700049 4029.51775980403
3007.04946597337 5336.63178421431 1659.3564259058 -2767.20901900724 4256.0743959595 4157.76574157257
3302.93218801729 5495.93373259941 1695.28532857988 -2844.25665634721 4319.35751198507 4191.85587578819
3300.05538235633 5364.35733127362 1979.87033040703 -2766.64764152272 4238.9000252308 4179.04411965047
