"drpm" "wddp" "lddp" "gmddp" "indcrp" "longcrp"
0.125391756789736 -0.00901276918490128 -0.00168659736438577 0.00117939556479439 0.127819996186416 0.00264070384839494
0.119391846104122 -0.00346706118392862 2.01327839333599e-05 -0.00244537009506555 0.0971459879942841 0.00089976629097174
0.0949635313544546 -0.00531084514147952 0.000423970865734115 -0.00115248811147645 0.096813070405363 0.00500446713880722
0.1503588971386 -0.005567749467893 -0.000424328942351374 -0.00371384808853193 0.112910244819569 -0.00693532543920215
0.141605344058321 -0.00356256586952989 -0.00132980335561083 -0.00276010702938891 0.126567127405686 -0.00348414352879761
0.133416565878531 -0.00688118732883077 -0.00221012178603683 -0.0011516047287972 0.111010969604945 0.000872672057007923
0.12820283094566 -0.0046309592147031 -0.00084491428828809 -0.0023876948782721 0.113113854430266 0.00256600327160808
0.141428673492368 -0.00602915177841239 -0.00307650162845427 -0.00103418219279671 0.112751770326785 -0.0077622702897797
0.115720519301599 -0.00275818269224929 0.00113131104079469 0.000568178720343111 0.106394063787369 0.00291083294436892
0.105837569189432 -0.00463175367501492 -0.000532166482997588 -0.00190288262897851 0.112781569893225 0.000329140453435111
0.126833399390681 -0.00533854882769625 -0.00373345071661928 -0.00292527834000288 0.113244514394857 -0.00491079970211858
0.0876543295094122 -0.00538498203952489 -0.00207702838004924 -0.00229416017298163 0.110324842828462 -0.00386661741553393
0.108191706736451 -0.00480529610163407 0.00047751295027403 -0.000178681253201581 0.108132698535845 -0.000319748356527148
0.152540291907629 -0.00528682130066532 -0.000988798968980703 -0.00192946229844034 0.106848642391014 -0.00134142470982689
0.0942815437374265 -0.00499492742912471 -0.00207206442143423 -0.00477321875349671 0.0996472058852156 -0.000495354080304455
0.0849799511395714 -0.00798605095528811 -0.00128003124885783 -0.00270019843321982 0.112846332294296 -0.0050432956967197
0.109268577219328 -0.00364717677546596 -0.000762220182690115 -0.001103934339291 0.105924862413705 -0.0026479606025874
0.12818519683732 -0.00649442415172313 3.83799492022582e-05 -0.000419572643199293 0.108326225124179 0.000115915671431985
0.117662799847945 -0.00521744791277902 -0.000769449019291385 0.00195170532154937 0.104348136096778 -0.00446675031549386
0.0848851703514428 -0.0052830129397906 0.000385264437801116 7.63767403099899e-05 0.110098893010721 0.00338821528829267
0.105403401855971 -0.00713372133459486 -0.00153961816881126 -0.00616159647086979 0.101857225066808 0.00234741719175697
0.0934796401913719 -0.00532502577451938 -0.00133338260298286 0.000923995620643776 0.106440261545555 -0.00274666941943763
0.106530889559133 -0.00487174498027899 -0.0013027494819603 -0.000207806943520414 0.0984365654442381 -0.00110139612953513
0.136791584019485 -0.00288161484493913 -0.00096371391119898 -0.00275673140008407 0.119427660145728 -0.000735844567260191
0.144986493917115 -0.00427105039338987 -0.000788043889822798 3.05398808454249e-05 0.130019597987434 0.00443002920954714
0.0936863885713469 -0.0053482158262013 -7.25416042822395e-05 -0.00298874142250127 0.0918761981999406 -0.0033618004309233
0.150712682081226 -0.00639299539065876 2.98299249747883e-05 -0.00247404781806803 0.119277747073243 0.000688102472446602
0.113516687771012 -0.00710682193786658 0.000411606316508744 8.812346638531e-05 0.105021079453711 0.000670443252190828
0.105510721380194 -0.00991135502269489 -0.0014754264382355 0.000684127565401718 0.0933095792124307 0.00566115515312592
0.114299616155781 -0.00510976411117078 -0.000406701929656471 -0.00233960589804938 0.110537404436482 -0.000756580906175717
0.11352328141603 -0.00478335333686809 0.000640546015919331 -0.00224025868871101 0.130621627833907 -0.000915170719900688
0.198775693751913 -0.00422796972070705 -0.00225132201758415 0.00249144733981578 0.143094475747667 -0.00304437993028379
0.132547626948911 -0.00687647753124906 -0.00163562681539323 -0.00225358010284208 0.123557900405488 -0.00197191457039109
0.128974270337151 -0.0037493046978854 0.00294894397446668 -0.00495720747858733 0.107760862057582 -0.00305838282881611
0.160339962907452 -0.00582490591624921 -0.00586227994725004 -0.000740507520022539 0.115003989295082 -0.00682875321093309
0.096267733228693 -0.00573934205024135 -0.000602673334568716 -0.00165646761492063 0.107233240104367 0.00290508866722407
0.108932804993741 -0.00532590801772841 0.000411447666969865 -0.00505837390841227 0.102321374333896 0.00114300692030158
0.11213887674765 -0.00618489832565956 -0.00047884572934848 -0.00118197465719385 0.104819902847786 0.00288724690843773
0.116418934773358 -0.00545262520753856 -0.000335174495805842 -0.00056337948029087 0.109699686006752 -0.00230427151014875
0.108666885739215 -0.00555250460895384 0.00290232034055065 -0.00307831217179425 0.118617965460334 -0.00265402900357884
0.0923062140742556 -0.00556562968490125 0.000647150308013375 0.000285064099574899 0.107671553771858 -0.00204565008853571
0.12550827576811 -0.00652947720551823 0.000549331652960591 -0.00499360754993706 0.124153761801919 0.000109538000450121
0.109133029703324 -0.00995280388709902 -0.00142081056384424 -0.00341055645867821 0.103930984537169 0.000294230277608329
0.121133924719317 -0.00834698816996537 -0.00136450101336897 -0.00143290528457426 0.108054634835399 0.00425337060839379
0.118148739854758 -0.00439654427640482 -0.00488981003690621 -0.00110461544851 0.109390414389348 0.000414601302468397
0.166616901121139 -0.00465544081763265 0.00245916645721278 -0.00246838891647646 0.135419291527216 0.000998952709208839
0.16304458480175 -0.00466282326016403 -0.0011070906787387 -0.00266298866167957 0.114057372318603 -0.00124626515864597
0.127054718459092 -0.00372679638922356 0.000705253330495001 0.00157808405318046 0.122411629729646 0.00721989523809551
0.146828342975931 -0.0066041845278669 -0.00161560281122351 -0.0015181680551176 0.113193221339077 0.00163639034388603
0.123954632687711 -0.00282717199880672 -0.0041777269371053 -4.22814321910765e-05 0.112458482104317 0.00147739882540151
0.115941429102392 -0.00660615285694704 0.00531258096259622 -0.0026235782086111 0.10894898160503 0.0052487201676774
0.101303979400369 -0.00780802907571836 -0.00336986525624828 0.000747063422498879 0.0931107787686992 0.00308882655468024
0.125965407720417 -0.00633593189927459 -0.000820212461455989 -0.0013439178294175 0.114844972557021 0.00282685875838291
0.101337135502545 -0.00732906643636929 0.000155529713534161 -0.00361030496698326 0.102811172772929 -0.0015145346585018
0.146427526628637 -0.00283943934189669 -0.000165643508637996 -0.00195948880634477 0.113229760186756 -0.00143149796430392
0.14216334617432 -0.00482076159428608 -0.000101437897987555 0.000546453999187854 0.11912935213643 0.000994621259224019
0.102857749795785 -0.00434842364122663 -0.000169121488585539 0.000527827935982038 0.101897966596637 0.00316565453861336
0.14444050433673 -0.00639102227988014 0.00420673531262905 0.000511772693439808 0.125885193814762 -0.00128187479769967
0.109471811545449 -0.00993076273925775 -0.00150460420566887 0.00113673629128876 0.109243894560328 -0.00253339495440492
0.112979648449675 -0.00668105679519334 0.000702232442399708 -0.00121889179056033 0.111930904030178 -0.00661983132552418
0.133378769619169 -0.00615622176616578 -0.00139446245520435 -0.000679046012155318 0.105887044497111 0.00482082155121678
0.099716613213181 -0.00785093227685375 0.000718146668071743 0.000307505705517296 0.0996458069561327 0.00159588715393708
0.0910022320527172 -0.00570848318684219 -0.00106024379681141 -0.00114742913880038 0.094348566408555 -0.00502689755879052
0.137031838116651 -0.00671468245867584 3.59918460757826e-05 -0.00150947592017665 0.137971311310169 0.00378893952141115
0.131416374003465 -0.00274371458941664 -0.00686430491524399 -0.000512750052590436 0.119469409973028 -0.00959955090543937
0.085994841879144 -0.00666550232717968 -0.000100361539447016 -0.00603209038322364 0.110721403674316 0.00888376893503089
0.127568433518972 -0.00578181483823151 -2.83171798342957e-05 -0.000623282583009937 0.114527208718766 -2.72758682053921e-05
0.111479437940545 -0.00521383402577066 -0.00174806023064815 -0.00173883102389004 0.104761143219909 -0.00149209669964316
0.129077115683985 -0.00828905479644669 -0.000408620589400852 0.00156755459206138 0.110198179656661 -0.00197356412465789
0.116737826680851 -0.00716014911054313 -0.00151041129452596 -0.00109146498834545 0.118937930757221 -0.00130333385557512
0.13996974974448 -0.00553163968853712 -0.00119217478803758 -0.00171952267835704 0.126444009297422 -0.000914684251318021
0.113556552114132 -0.00580182455793045 -0.00111153238499585 0.00255800996067799 0.104802643025029 -0.0015351940913521
0.127002526584675 -0.00542760405867668 -0.00165195817920807 -0.00105129137980158 0.108969656950968 -6.22773035222073e-05
0.0956306159602329 -0.00405980034572205 5.10465025145387e-05 -0.0029972079535438 0.101318648322322 -0.00297315748754548
0.10032046399644 -0.00430117723826892 -0.00211407513926001 0.00105730353469591 0.10860275375189 0.000629435355170276
0.157478284592979 -0.00332848991541779 0.0031448518785881 0.00118787352606712 0.118012020274234 -0.00819038962920898
0.118924359502321 -0.00513979182444804 -0.00141920464921264 -0.00134329507837263 0.102816627565027 0.00671065453668767
0.111658412209668 -0.00907501722213325 -0.0033912696360475 -0.00178804119171808 0.113355425946558 0.00940819856146978
0.0842047471321488 -0.00487903590342101 -0.00212626018039054 -0.00165537233894487 0.0998634204762573 -0.000994925000615076
0.0882571759714913 -0.00611664220466367 -0.000266412450653014 0.000687174118237542 0.0939952089301722 0.00380382000714217
0.0998378103064797 -0.00343560059747469 0.000121796377784602 -0.00155218608777123 0.112085748751843 0.00642578995192691
0.127149517418807 -0.00408514369018854 -0.00197604111269416 -0.00199685434272815 0.106468642390992 -0.00465430155449521
0.135158658925674 -0.00449809724232154 0.00132919653001976 -0.000144772768465944 0.113319307351961 -0.00087009977557138
0.1234052666804 -0.00569491091398282 0.000982935310104473 -0.00195996096067591 0.108356269461397 -0.00312211739557623
0.150780510253953 -0.00456193448139497 -0.00103623606696988 -0.003331133809016 0.131374611239645 0.000600528544791857
0.13097831366892 -0.0079985877566517 0.00241836043775739 -0.00223452475033365 0.117847653865341 0.00284538666456075
0.140328173873448 -0.00448531635989094 0.00212085901640538 0.0023055990231789 0.119506135873005 -0.00213826211104395
0.117158404548838 -0.00566433422157755 0.000471218470367604 -0.00140827896282886 0.105361354462236 0.00110144366789204
0.132223560832883 -0.00556183671735705 -0.00221453889545245 0.00083649690996871 0.111614218361269 -0.0021216795312303
0.114191761455372 -0.00322204949391344 -0.000758110857144868 0.00193731278892465 0.106088801784483 -0.00304833805085919
0.108055894308323 -0.0035438420445125 -0.00203004982876496 -0.0026085251972988 0.105868968616396 0.00448547057404248
0.115180665406301 -0.00420020763755588 -0.00116662717084889 -0.004832195384642 0.11481427627839 0.000544854273618494
0.197635256425434 -0.00617323414415849 0.00050077933910005 0.00379922975738846 0.145267793132866 -0.00311266247903758
0.125355732113139 -0.00498007608515838 0.000611789217331044 -0.00186090688313014 0.110332470577612 -0.00180048277396527
0.125044058255118 -0.00565162836215254 -0.00315470034323393 -0.000936915421355818 0.122093881413183 -0.00584831012547934
0.116872220298073 -0.00691990981172015 0.000261719980622082 -0.00250321581675679 0.115828709326065 0.00471669766634163
0.0906342723188168 -0.00538647925936967 0.000450387818011378 -0.0012016047755868 0.0811580332851684 -0.000774743825300034
0.144740244616379 -0.00802365207641342 -0.000256515741231233 -0.00643863542705444 0.118581607015202 -0.000726847965486158
0.0958462913054033 -0.0046878374595108 -0.00553783721478141 0.000870941007499677 0.103590215037189 -0.000514289445603353
0.107147875264582 -0.00759342870883601 -0.00107858209001046 -0.00335883727021021 0.110948471478899 -0.00262352070850586
