"drpm" "wddp" "lddp" "gmddp" "indcrp" "longcrp"
0.872882205463282 -0.00994292184871403 0.017316271851416 0.028775919406559 0.408381908081402 0.0258771032620544
0.780559775281887 -0.0115068851884498 0.0221140297900963 0.0299012236270648 0.412155351144299 0.0243283455575361
0.924787159821753 -0.00961307344714016 0.019635681582453 0.0333063357168795 0.435946740531666 0.0244817291888313
0.903566353095339 -0.00945744160673114 0.0196744836303256 0.0355072124185989 0.405030314422677 0.0281432448605375
0.882373067138171 -0.0114172405195489 0.0209637306659292 0.0302897434728033 0.419848280183728 0.0268554437446635
0.820439961384484 -0.0111832673864374 0.0248931072024995 0.0330831854078561 0.419064912837948 0.023991702017016
0.832200209936548 -0.0116824391269385 0.0173794251828092 0.0324694343749964 0.396534240423395 0.0296957979621157
0.88570431509805 -0.00928466720380113 0.0177070628545915 0.0267580318137406 0.413693731116326 0.019749626636523
0.932117678858955 -0.0107778399448602 0.0200361224001523 0.0283887968888781 0.426773403798122 0.0231755218334501
0.851138377539233 -0.0122765292221068 0.0190826131073381 0.030521393845623 0.420644356129137 0.0278115811359497
0.918993110951234 -0.0113759022371312 0.0234841618128407 0.0351502166189549 0.421309626165946 0.0241732290804669
0.632317873363062 -0.0114993073487468 0.0170204474463623 0.0302592870397487 0.407938458158665 0.0230641956816686
0.889853904726998 -0.0140657124146724 0.0239906005667777 0.0288153219243013 0.403107518161289 0.0247841744451559
0.828238773723243 -0.0108796039656811 0.0180387114741194 0.0252907049211685 0.411995617365001 0.020598287057853
0.77300444067725 -0.0108513755300374 0.00959363938483684 0.0305431978335098 0.402149246868622 0.0250544297408954
0.889105384664506 -0.00989008472424082 0.0189434889413619 0.0293024760938789 0.406366793788013 0.0242729370327549
0.706879854990894 -0.00886844288631788 0.0240083037715827 0.0356616594816474 0.413826511934389 0.0261636627320186
0.894629542345323 -0.0104841612197144 0.0154598321568626 0.0302514104839677 0.396035458543882 0.0198428925816192
0.889313391797729 -0.0129412444862238 0.0177290764471313 0.0303710024590002 0.401453379741661 0.0234430741123988
0.88897560493041 -0.0122231079135131 0.0214460076125137 0.0273276287401318 0.39669824462397 0.0191451172980468
0.920125502348935 -0.0106600612153823 0.01698174582856 0.0280694550300264 0.426924911593912 0.0284320314628346
0.887535222305934 -0.00992106051282377 0.0203460129851528 0.0340701313246074 0.426305452016057 0.0304252450555579
0.915292881409436 -0.0102580417325187 0.0139338728817212 0.0276381389167548 0.410108669349565 0.0250161545704384
0.789968463629165 -0.0116483781333323 0.0202031995892621 0.0324226468623595 0.396615612187025 0.0195117386480829
0.696891807815914 -0.0121665038266327 0.0189715263044486 0.0271871535984314 0.40491972025596 0.0243500472793601
0.906015189868866 -0.0122916276338699 0.0186493379510923 0.0291212541752576 0.426181182615527 0.0221961599744103
0.780644565723392 -0.011113147548318 0.0169932222147753 0.0330620667103528 0.408763923391373 0.0255831381376433
0.652377751143543 -0.00944663560580807 0.0174908700775363 0.0302391455470043 0.40675917213399 0.0300041378947761
0.820779624122653 -0.0108052877086674 0.0158167646729517 0.0250453178188142 0.402727937342231 0.0229124659401783
0.852675329120291 -0.0114783157524195 0.017377588770588 0.026762427624992 0.40159212991876 0.0237259008030909
0.830188937684755 -0.0123909348653312 0.0182090340809316 0.0260993290676477 0.397722654500384 0.0268392031640216
0.900773418912435 -0.0115423020719358 0.0207054940047307 0.0335774221502294 0.412381507962201 0.0303844662704009
0.63226926161216 -0.0108109845984347 0.025151269839012 0.0316190771598363 0.414826948897406 0.0224670687140619
0.876731132597215 -0.00918552042875765 0.0171201130941127 0.0312327678900102 0.401761275238728 0.0287348929414322
0.863063749820482 -0.0129735526301291 0.0179177670260681 0.0309049697474362 0.411338952256679 0.0244288248264009
0.85203691098741 -0.0116139021029369 0.0198048034973975 0.0298356560147491 0.406856257802043 0.0231702335524876
0.891780078893312 -0.0125299142547598 0.0202716934130387 0.0326797145740464 0.416281305409503 0.0232752841269837
0.894612011406291 -0.00945185066087162 0.0194853225642503 0.0295330962969697 0.426156001947766 0.0217218464343074
0.808522425582777 -0.0129016093114641 0.0187594385875561 0.0306339009997383 0.401323782902405 0.0219983616263177
0.912143917600843 -0.0125853302825753 0.0211012457582993 0.0336876993517982 0.408897886342897 0.0226163345795635
0.842055606155831 -0.0109996635426569 0.0194613358572668 0.0308238215762084 0.409388903793273 0.0256982410409401
0.897677970941027 -0.0112487234195389 0.0105435432252434 0.025999625703411 0.413521836965603 0.019970956687124
0.898592740007732 -0.0105640533121057 0.0182680287535793 0.0287782003953216 0.411322535446108 0.0222947705598918
0.892351774952612 -0.0111810235108081 0.0170733757788203 0.0318379138783173 0.427362574671371 0.0277527750366689
0.852751390409345 -0.0124608864124889 0.0177647780920614 0.0329452719867385 0.402950113581521 0.0253077111368683
0.660235591100574 -0.0112386805544075 0.0140755581149978 0.0261021947369043 0.404919626381632 0.0209535798455341
0.755264230980881 -0.0118389462397339 0.0195102723728864 0.0297564775254196 0.391831988456711 0.0286693719203794
0.915161161388497 -0.0106175517512649 0.0184443564280468 0.0338601608859849 0.418313657219722 0.0243455104332836
0.778810665988064 -0.0116924711224071 0.0194920456080599 0.0259961268609877 0.422726972738961 0.0225191613321686
0.800270213166106 -0.0113852338480742 0.0179151679718569 0.033489718446263 0.417472216041919 0.025474724441149
0.906651374318986 -0.0110424619688709 0.0115536661368668 0.0279456034502407 0.394552140054684 0.0217504839625067
0.853730421189268 -0.011277433090241 0.0259065065468537 0.0280266180137383 0.396202672570495 0.0227010504137738
0.871726932642185 -0.0122124961990369 0.0162050340066364 0.0317501366168027 0.404327809922744 0.0246213835566067
0.744135447576279 -0.011236052510068 0.0218506512053837 0.035269151848237 0.423648293188127 0.0208729675961175
0.764699297969795 -0.0111499950912009 0.018800156322225 0.0246589335234308 0.418096943813247 0.0247529103180765
0.819064176255753 -0.0105795214473893 0.0226368780045135 0.0310223844861594 0.42318392496326 0.0238485292636129
0.903526966558987 -0.0113081222767875 0.0189957263425525 0.0279613665928984 0.400328866415658 0.0254584387612427
0.862612479239539 -0.0104547814976648 0.0217515961794481 0.0355196851366358 0.420893747655341 0.0268019469264914
0.863481496849358 -0.0114855793380719 0.0132476615390669 0.0278853805412397 0.426872764846295 0.0287561287380873
0.816674701843378 -0.0107734571598572 0.0145183538200165 0.028160965223252 0.398443787989634 0.0245992143536008
0.867707723670262 -0.0105471236737539 0.0189378776123335 0.0275190835756231 0.4031829386743 0.0239581526158892
0.89068236699012 -0.0103178798549865 0.0226126008315169 0.0336812851177904 0.430652162769544 0.0267542061813974
0.916808243287078 -0.00959917513451212 0.0177596692873548 0.0293608534840581 0.41969889097871 0.02549626603586
0.794702033341408 -0.0107482455090947 0.0180547867461354 0.0309450088881335 0.423217336561132 0.0232201833804425
0.715406624938098 -0.0111640486076492 0.0191357111136152 0.0229217257335641 0.397510567119107 0.0190428405270572
0.841276244558439 -0.00999673712865675 0.0132799700121391 0.026584156789823 0.392247084420632 0.0234776851648108
0.926733793072004 -0.0102894892675483 0.0186663511128874 0.0338283757765541 0.418082494925736 0.0226163723134142
0.86023245492093 -0.014035890088869 0.0212192611240931 0.036576964484635 0.412558057052399 0.0272968245642144
0.882290090325761 -0.0117842255536809 0.0165330010719369 0.0288964618811005 0.405155376047434 0.0218863059684068
0.911319585009758 -0.0116847409481069 0.0154278835305074 0.0311830644193349 0.409545088651708 0.0253425174244751
0.880307048177526 -0.00995993589693962 0.0176109323548228 0.0336812042513297 0.419394685586342 0.0243351234444384
0.918774868413318 -0.0128920762587821 0.0201371640158695 0.0307536750816597 0.439513662569041 0.0289235204092501
0.886075627495323 -0.0108873334052212 0.0208834531226253 0.0343099071181702 0.409453714120514 0.0251522671448944
0.845047967516429 -0.00978149136724952 0.0199084143490878 0.0277014161386496 0.39387331323503 0.0258312746440709
0.909911342528189 -0.012104641608041 0.0157285678884015 0.03508003685624 0.408768857779632 0.0240525547992791
0.810536242091618 -0.00951346018183256 0.0131496529990581 0.0309092826207374 0.420808065963109 0.029244110596055
0.897016631523986 -0.0110315762489555 0.0219931608120371 0.03097448731922 0.412256939613235 0.0225673950864409
0.876508887006814 -0.0126925340187892 0.0218224011769571 0.0304560510342444 0.409464467103316 0.0249228952809744
0.873270293111259 -0.00952525116230445 0.0163629937995955 0.0273272454338391 0.412801868178643 0.0233716326185733
0.894825353133033 -0.0121611396073928 0.0234831243319404 0.0319459352955292 0.394367726841734 0.021418944230566
0.831497799113594 -0.0102697507066928 0.0165822215369757 0.0252101531477932 0.407276627003662 0.0234743338072943
0.896737178917531 -0.0101910568995298 0.0222130226785349 0.0371955455476719 0.401692897583221 0.0244219937182209
0.882322961207194 -0.0107667885864146 0.0210937322216553 0.0291830957419233 0.420410243019918 0.0240834158389815
0.905521366247284 -0.0117215678945812 0.0226584384368587 0.032564599941615 0.421134545191753 0.025506254462898
0.849297754406147 -0.0111867615544829 0.019714514644514 0.026361250430316 0.397797821353181 0.0199131310606579
0.919218552743446 -0.0117893741891494 0.0185436179469125 0.0332362557419997 0.41950218786029 0.0245542830128217
0.81931584019992 -0.0105216598925711 0.0151294613660648 0.0316569671026621 0.427491653017978 0.0260233925009594
0.931693855484902 -0.0112725799544695 0.019153249849701 0.0324585069333731 0.407459240798288 0.0209298640308022
0.893799411495366 -0.0117268629164454 0.014950340901813 0.0268946323860636 0.413091721294703 0.0236831204670962
0.848936804386475 -0.0119899634890564 0.0164153203172097 0.0262807305052711 0.409823773776035 0.0218176170107694
0.913098167387092 -0.0112890219965836 0.0189317530866395 0.0347762473181847 0.446878039975914 0.026222621555357
0.895725444002598 -0.0121623733894233 0.0160928173931143 0.0294846169644842 0.434011997917688 0.0241960827064372
0.82580376921409 -0.0110159792525744 0.0140535901224304 0.0336761640809976 0.411034870585344 0.0200855695850982
0.749853622276531 -0.0107744970448568 0.014689743735324 0.0337653245718507 0.42569829147578 0.0265840985474891
0.87779185900211 -0.0117304212157755 0.0209006693417341 0.0319469354640154 0.400769068395704 0.0255252321671474
0.859502661243384 -0.0109952926853523 0.0116200843114944 0.0289733108245398 0.419610312523374 0.0243866844081497
0.86646909094969 -0.012288076734125 0.0206427107691157 0.0295501504332906 0.410794623923021 0.0211360601938602
0.893918740745852 -0.0128422333012324 0.0183305206838417 0.0329262419169458 0.420539059628791 0.0280670390916624
0.937507377686959 -0.010663444829463 0.0186051045021017 0.031795978951606 0.42688262112665 0.0211072867731444
0.875127271112587 -0.0116589907031729 0.0195890241049119 0.0299866548844089 0.433065288861665 0.0262543451515291
