"drpm" "wddp" "lddp" "gmddp" "indcrp" "longcrp"
-0.000627019400792784 -0.0152818580706036 -7.965028930638e-06 -0.00194287634906529 -0.000394738560436036 -0.00314610442173504
0.00639648793341921 -0.013936042232831 -0.000125590633445237 -0.0013583014277004 0.00669167082352615 0.000356866596083238
0.00657259922679942 -0.014273698983774 -5.09065997686396e-05 -0.00186442575376951 0.0061698523354741 0.000474302204150245
-0.000442000383511717 -0.0111439556458135 -3.57799277832815e-05 -0.00108422570913833 -0.000603531513855412 0.00140692176678433
7.84859697441498e-05 -0.0125197915229014 2.33194071044071e-05 -0.00084198186225884 0.000560099762821615 -0.000464697053105126
-0.00561711170287816 -0.0144888037534842 2.14322660062084e-05 -0.0012764854703074 -0.005002855295664 -0.00145063848498091
-0.000943773952625012 -0.0147909621777278 -3.79256421214325e-05 -0.00100930385424612 -0.000662750452543443 0.00160247784088464
0.00212550235302726 -0.0133560697456372 -5.24004567912207e-05 -0.00130405930609905 0.00346640137549652 0.000512706086134824
-0.00199156381116702 -0.0143857908215676 -5.51637236549643e-05 -0.00126753608594101 -0.00254738786932477 -0.00181536939593288
-0.00276970214506211 -0.0135000530620352 2.56106687866779e-05 0.000138130168702548 -0.00195790054758826 0.00785536910214851
-0.0041191406051587 -0.0127536090964285 1.88688343834107e-05 -0.00104262337682078 -0.00342769737758971 -0.000546267987467106
-0.00057786494098357 -0.0130297040218087 1.00182576824441e-05 -0.00120356841087136 0.000189260943689035 0.00123461494621969
-0.00489232467634859 -0.0132461687422508 8.93658975720158e-06 -0.00129949979335081 -0.00499928786956642 -0.00230251003725746
-0.000892610966948121 -0.0118742244991953 -2.20622027121223e-05 -0.00116853577276841 -0.000513905723082672 -0.000154273083357179
-0.00397988964917397 -0.014192970405925 3.59879362530626e-06 -0.00115410317102151 -0.00360430608547925 0.00118830225382021
0.000393568647200707 -0.0128592181201426 7.3360149396602e-06 4.83417725946033e-06 0.000461079255382971 0.00304385776958429
0.000965756286583532 -0.0133441497467259 2.41301531786514e-05 -0.000963085436758127 0.000317044185226553 0.00385024674186616
0.0019972939840693 -0.0154174941921264 2.15597771957423e-05 -0.00112139362722688 0.00241428670023594 0.00347309359432879
0.00177496479855411 -0.0137730257346103 6.59457401261594e-06 -0.000634239448204029 0.00258228226466367 0.000550590991624873
-0.00291491389880032 -0.0127575315901628 2.12416686885547e-05 -0.00177085556968724 -0.0029554802982314 -0.00158405332624827
-0.0040244179720479 -0.0127458462879211 -5.19927952488664e-05 -0.00157688495339002 -0.00425977036951256 -0.00184300513370319
-0.000731239606138112 -0.0131767935523428 -9.94275741051225e-05 -0.00278437439495161 -0.000206254938055458 -0.00568577659482779
0.00136012320336398 -0.0138280534689649 -9.23287582144484e-06 -0.00113874967333582 0.00236664747229069 -0.00148284118521913
-0.00215427277959789 -0.0126893587935499 4.40730075680266e-05 -0.00106963906347523 -0.00179796639917162 0.00143309961897973
-0.00331036531673179 -0.0146649386238018 -2.43869598012533e-05 -0.00109864768564669 -0.00279606341805253 -0.00141888410267246
-0.00333541435693308 -0.0116321016799743 1.58823338747743e-05 -0.00118473330725287 -0.00252838896376551 -0.000316105519074212
-0.00195059231365847 -0.012021539229616 -1.47491940677327e-06 -0.00103628760534496 -0.00254569148170875 -0.00133958207021248
-0.003672210205603 -0.0153131001608915 -2.08552142946424e-06 -0.000988051542004681 -0.003785968391128 0.00185632114632307
-0.000137213194173643 -0.0150431276435495 2.27425321129896e-05 -0.00069193353257608 0.000234338863562341 0.000527646928966654
-0.00327800555897664 -0.0122674826193065 9.62714623227342e-07 -0.00149837781927397 -0.00242261506055707 -0.00527072007614895
0.00480376510227991 -0.0124548048388166 7.38693745220928e-06 -0.00132364701120445 0.0027659444675491 0.00011429382442077
-0.00174693251205665 -0.0148537103806853 1.40535863987698e-05 -0.000881897016358211 -0.00217231097889888 -0.002054603587476
0.00635608130856877 -0.0134158149346416 -0.000117403569280839 -0.00101983197564587 0.00553201945677255 -0.000692672179862433
-0.00106275061506649 -0.0131823348448773 -9.67062375051873e-05 -0.00239585178440297 0.000210275902971416 -0.00384101328695989
0.00259495749476596 -0.0151217402025966 -0.000151699274658035 -0.00167785681151022 0.00132806022909689 -0.000838695192542347
-0.00509943770486192 -0.0144419193226141 4.90873515657772e-06 -0.00125107716771634 -0.00434740686228426 -0.00180714096188761
0.000308926385314738 -0.012161974834237 -1.12591613758651e-05 -0.00158078269231898 0.00124480860050369 -0.00225368950304874
-0.000425349536585966 -0.0148595607502921 -1.26062432135985e-05 -0.000591078243239811 -0.00207168993139201 0.00216244431549924
0.00317945928383473 -0.0138201821905504 -8.1672591478098e-06 -0.000945446946405307 0.00190430387826243 0.00304503325369744
0.00426725206781556 -0.0135909933766322 8.53867886850687e-06 -0.000214878212915975 0.00320673334192915 0.0085389511626649
-0.00073623518956326 -0.014295899034864 -2.01858019286758e-05 -0.00106311579144153 -0.000615785866308382 0.000612315009519375
0.0018220477836382 -0.0138007206991027 -2.59195471165589e-05 -0.00161122044163837 0.00206707428200725 -0.0025682998904215
0.00317905148088117 -0.0137624072490339 -3.6382621181017e-06 -0.00124784181733485 0.00200257867769976 -0.00400776317941112
0.000106598916786795 -0.0135010335286344 -7.19458258558822e-06 -0.00119849917971316 -0.000498554074945257 -0.00091857803353697
0.00256791562190221 -0.0128454637761971 1.20682744937972e-05 -0.00143190430689284 0.00166269497692111 -0.000625564325607772
-0.000496148765826738 -0.0118957743614529 -1.51929909207875e-05 -0.00159859106047488 -0.00140479088425353 -0.00400103947819845
-0.00193582115235169 -0.0125124593120581 -5.13810359653085e-06 -0.000915159135591375 -0.00150586797021937 -0.0014382379932239
-0.00225087451957045 -0.0138255116435243 2.26937928715788e-05 -0.00134056118056425 -0.00190010926986261 -0.000736606930938575
-0.00235206422743479 -0.0158945508876439 -5.50255927190287e-06 -0.000734044644644255 -0.00242051832571907 0.00699302345916814
0.00296048218576929 -0.0129671758717974 -1.30500678642408e-05 -0.00120279506584404 0.00347903483732387 0.00179857564424969
-0.000857179094142464 -0.0123370739364439 3.93042599235419e-05 -0.000792140505002361 -0.00108872346779859 0.000930159916641135
-0.000463180997197885 -0.0130748670246542 1.58552604473004e-06 -0.000922948805759584 -0.00192991487699857 0.0015027226375116
-0.00682262752412877 -0.0159286065758484 -1.47777242663613e-05 -0.00135324637760307 -0.00523739412344567 -0.00128328936245469
0.000719585512135169 -0.0130181102346396 2.71474660945755e-05 -0.000883163147616051 0.000851390353415845 0.00387521783474682
-0.00626622879062422 -0.0124640558907714 -5.13261352238432e-08 -0.00111845972387366 -0.00508564714019114 0.000398429315302302
-0.00155152659282501 -0.0147345275235454 3.86034928416925e-06 -0.000999689777350253 -0.00143002929644843 0.00126975586030158
0.00106067880914642 -0.012825610397301 3.81375815787413e-06 -7.59252138554571e-05 0.000819360681195344 0.00493578825645757
-0.00145462409870013 -0.014203518293128 1.05521693116601e-05 -0.000953513466460005 -0.0015188878378018 0.000327916291604659
0.00598797160475052 -0.0129048279895336 -2.73110867709789e-05 -0.0012787785109053 0.00566543710063613 -0.000439691753451294
-0.00127633181855022 -0.0122549616825147 0.00110740508474018 -0.000767497852198068 -0.00135034027922891 0.00295372295009863
-0.000990500220987801 -0.011509810716133 -2.92081340316092e-06 -0.000945492889407246 -0.00108385818138289 -0.000587197152261944
0.00174578075933576 -0.0110346163669834 -7.30109174012981e-05 -0.00125686380997506 0.00145389469926968 -0.00191155566015683
0.000479262549043977 -0.0123968800631117 -6.20174498754832e-06 -0.00108638074005669 0.000521734853638765 -8.76415764063561e-06
-0.000436248178232984 -0.0129501839202084 -5.83031126953481e-06 -0.00111275443553832 -0.00201035458509557 0.000571468689916063
-0.000837331091227367 -0.0138290832486431 3.90615927202884e-06 -0.000597597483421107 -0.00077419526859595 0.00288434348927706
0.00106247842051545 -0.0142759687192496 9.25531819386091e-06 -0.00107311169654753 0.000830596208651936 0.00253456198587114
-0.00231070989912974 -0.0136413800860988 -5.51391078459011e-06 -0.00114771131158587 -0.00143565210277334 0.000607824304549535
0.00139710089459298 -0.0117820220848604 -0.000160430391984096 -0.00128317302066834 0.000477351949677664 -0.00192954168085087
0.00330366559756019 -0.0128923884001604 1.65068632781845e-05 -0.00133691595537794 0.00365092715112985 0.000776242058669058
-0.00327665364449967 -0.0138878669735907 8.5942368509413e-05 -0.000446397174616574 -0.00233429219737821 0.000317006983801141
0.000537570794967546 -0.0125558448674112 -3.24794073406846e-05 -0.00103155668352851 5.59877097250282e-05 -0.000498673570462482
0.00833738037058539 -0.012389064342189 -4.28798256004235e-06 -0.000927717437407795 0.00887744871025159 0.00168385969876589
0.00318035372526285 -0.0133184665471749 0.000112824162299728 -0.000621394232769101 0.00219816005887167 0.00244138803568283
0.00526545422661196 -0.0130577696767494 3.14392141956848e-05 -0.000635787945839738 0.00409161001256378 0.000661843658610649
0.00537477582166354 -0.0121604284540357 2.24549755604684e-06 0.000768183635910574 0.00407140225447318 0.00749692480641007
-0.00175614329061143 -0.0144429364623669 3.9643666798808e-06 -0.0015824614263658 -0.00231827920453801 -0.00142479511335348
0.001911872611396 -0.0131180900213121 3.33177353985059e-08 -0.00144030987139802 0.00362288448814109 5.44123170208826e-05
0.000166969217890136 -0.0132088648270409 1.23549828684103e-05 -0.00111680215782421 0.000463914391489608 -0.00167939730358085
-0.00184010056843901 -0.0127645853848795 4.51593308164134e-06 -0.00123127840031796 -0.00134494444366182 0.000828605985407525
0.00235436003196766 -0.0124817779665372 -1.01400338053073e-05 -0.00147999797469345 0.00307568285342696 -0.00386933067212797
0.000811896563904565 -0.013743087084024 -1.11229007179673e-05 -0.00158157787477829 0.00139698727114258 -0.00443498170254835
-0.000664207418931054 -0.013281123651886 -6.05703236146421e-05 -0.00107030831614247 0.00069068241498096 -0.00281702924497054
-0.00118613010680485 -0.0127195447956956 -9.78802485717761e-06 -0.00137308093940681 -0.0012973338810495 0.00166901890015893
-0.00218955260319496 -0.0117868285558877 1.98267948161704e-05 -0.000319396005310435 -0.00276509839516734 0.00499963296618162
-0.0049383038639583 -0.0136520584736019 -1.09204486767591e-06 -0.0011858637268822 -0.00531114376886781 -1.38780199242456e-05
-0.000630303386182216 -0.014998331947091 -1.60644744564406e-05 -0.00128567983964894 -9.94098061847168e-05 -0.00234011220602675
0.00428902825863787 -0.0149216686437747 4.50329704167556e-06 -0.00172123862756509 0.00365535019356576 -0.00233912951885587
0.00205584818021936 -0.0141211106850182 -5.43154696797297e-06 -0.00103383706697168 0.00301657938542925 -0.000396758606647101
-0.000939561477985131 -0.0131510324076072 1.76425019555058e-05 -0.00105803631357203 -0.00110557904567318 0.000507667900073084
-0.00315264606777014 -0.0149955435705989 -4.10224883173331e-05 -0.00109834021650114 -0.00203113840691682 -0.000928908785695676
-0.000227630922461846 -0.0145901692136951 0.00015600583509499 0.000293862397759896 0.00156420010950292 0.00557597723309208
-0.00241927959030943 -0.0128292520984166 -2.08019613993988e-05 -0.00121623995461613 -0.00249657932823861 0.00159596303124853
-0.00360497946137848 -0.0128316666182026 -1.00648129633893e-05 -0.00106099277518191 -0.00275811094321364 -0.000695519090479413
-0.000158770561646517 -0.0140355383558903 2.62646898504617e-05 -0.000618362687008355 -0.00123162287775377 0.00677193094346992
0.00230312774061808 -0.0138889196913298 3.99398619491738e-05 -0.00118707743625695 0.00313907702413648 -0.000400850213599538
-0.00248854835582684 -0.0153905808843514 -2.55420744318995e-05 -0.00149202403294781 -0.00135565525586672 -0.00283366013507499
-0.00320284966617426 -0.0176351934238347 -4.18141819359968e-05 -0.00213119879553965 -0.00282874655380692 -0.00157997912198371
0.00447447308965488 -0.0124527980274093 2.85967744001315e-05 -0.00103223736045591 0.00471689765130753 -0.0019709066793477
-0.00132960322672592 -0.0144431091159691 1.15633488687987e-06 -0.00132846520467141 -0.00130716541871473 -0.00174659860645377
-0.00414443414532808 -0.0111073943566413 5.09761889920715e-05 -0.00124615322704711 -0.00397390240582548 -0.00160490683565717
