"drpm" "wddp" "lddp" "gmddp" "indcrp" "longcrp"
0.398564423249232 -0.00951918696773289 0.00443076881528551 0.0109592597547708 0.233914134545118 0.0128127174904457
0.310584329653337 -0.0112992491038657 0.0013488468628815 0.0105594641530162 0.22637654715991 0.0111369585331232
0.414280146949957 -0.0110210765780892 0.00215209232165072 0.0101149780633667 0.238514844921801 0.013740756383837
0.34182238648639 -0.0109953004208479 0.00236226080321328 0.00927407115052982 0.189434720402351 0.00648419074076147
0.320674702193663 -0.0101009039756759 0.00193400206208514 0.00888530595697052 0.228218892058725 0.0102738868889433
0.411847391984476 -0.0119642844616439 0.00202962548199115 0.00816103484712647 0.232840431692278 0.00773078830895425
0.308313958805711 -0.0103518724554777 0.00193959845164774 0.00725565177804179 0.207812770254612 0.00820140220394611
0.338440774902822 -0.0104510649704078 0.000747326754178649 0.00924334990070545 0.210188369367571 0.0127952868007998
0.398048429610279 -0.0120210360452089 0.00430916250799761 0.0128231147761908 0.22140384976735 0.0124776346308073
0.376851443447812 -0.0132126712531958 0.0054377217426009 0.0158890709416566 0.227125944894956 0.01664142612416
0.383042006882129 -0.0111730297502649 0.00220253073740257 0.00952046215750106 0.229016461722418 0.0111309787255793
0.311018449424491 -0.010128417494537 0.000857191390727246 0.013347832421555 0.203082725109282 0.0170792371022038
0.311921807869892 -0.0106421029260704 4.3746131058198e-05 0.0151370563176811 0.209836088626425 0.0176160441699422
0.385579736212737 -0.0100847378803557 0.00338664704693046 0.0126300581663471 0.220900885753567 0.0155635353127894
0.301558291753855 -0.0112284926405497 0.000400376532793969 0.00882168415434096 0.191713390317648 0.00829666066027448
0.380429166156276 -0.0104622941244726 0.000997405761285086 0.0101455075737902 0.232774432627812 0.0107517094387557
0.338830766808349 -0.0117858905948923 0.00400178789268339 0.0162636898936981 0.21929556998613 0.0192438529003813
0.328162177877904 -0.0116338825653694 -8.45828222165694e-05 0.0089807923425529 0.19202606020501 0.0107596489425862
0.357608375544658 -0.0132181876786349 0.00290565800937695 0.00830509182584383 0.209595282006143 0.00931935340019509
0.341007000398902 -0.0103748412614475 0.000124132479559017 0.00678760812862721 0.207309399631341 0.00500920382006381
0.366175586636665 -0.00981972898192991 0.00281910800071111 0.00805176220410243 0.20369186295189 0.0100685405901912
0.367013321704893 -0.0126991841029904 0.00059335038424517 0.0117779588413978 0.202061129133074 0.0138058944337949
0.388567529812904 -0.0118148191759084 0.0030934519934178 0.0143842935018974 0.228653671340126 0.0139474747788337
0.380623869291431 -0.00956260177999104 0.0014115671699431 0.00942554001930269 0.23048698535284 0.010836346759729
0.368746134455626 -0.0107050611425073 0.00460061710399012 0.0119957541192491 0.225652194286877 0.0127628525503715
0.341506837618371 -0.00954263401881827 0.00305567935831426 0.0179392827020494 0.216036447655664 0.0198104245182119
0.339457509920054 -0.0128384302009787 0.0030786011248136 0.0152491416089061 0.224557440764474 0.0156633651420294
0.336375809871749 -0.0179329552753892 0.00412049897912704 0.00867118216360284 0.187742849786326 0.0101372303663267
0.260038798954661 -0.0129062770066325 0.000262272357731214 0.0104763623525458 0.201070987639691 0.0127314123611563
0.35227967782551 -0.011051916701822 0.00156241007519902 0.00927097558923515 0.207242333382484 0.0110716526819331
0.342789077086012 -0.0111594011489745 0.00877133041261696 0.013917777372429 0.242646362149765 0.0151440642071865
0.334055825211506 -0.00941512675564787 0.000862404620161962 0.0141177116752831 0.226740579575702 0.0155008646940517
0.357044371025223 -0.012954830750119 0.000494134861411526 0.00887174279418786 0.209307365042546 0.00919198617542731
0.354948854052311 -0.0121795588260318 0.0035501216932945 0.0121684370668235 0.223893064085381 0.0131694239216005
0.345654719903096 -0.0127952601193402 0.00335225948093223 0.010045157938645 0.210528256287002 0.0115661419501714
0.331727680578227 -0.0129857736899627 0.0019973744010072 0.00808428399605287 0.209701217564692 0.011479946445511
0.3377818867782 -0.0119641734040801 -0.000108080268714267 0.00828715981791423 0.225916450624549 0.00916156000406915
0.377709082598667 -0.0130664393121597 -0.000481221149085227 0.00835949951142766 0.215309017502951 0.0103413748711576
0.403452910556945 -0.0105013557748004 0.0028408464657045 0.0088241595588077 0.235736485079633 0.00794754743603366
0.358267294638975 -0.00910340513179287 -0.000871419860475272 0.00782391394840953 0.190581273779393 0.00865996195022826
0.338017695812025 -0.0126779642610418 0.00197248819979387 0.0112150624898194 0.210221641955005 0.0114688562736117
0.361376401622931 -0.0116587572107615 0.000261723359548727 0.011580171317081 0.21575218124488 0.0160005345844572
0.307560612818532 -0.0097730400550247 0.00145288101106807 0.0083242484557808 0.198077558183796 0.00711387384161858
0.389403656907138 -0.0104569968579398 0.0048599978501911 0.012702280884185 0.228654600504874 0.0150715805703011
0.316446558052489 -0.0102426400718804 -0.000797460041615282 0.00898973014190751 0.20099175731514 0.00864783528140894
0.392373013836715 -0.0109200846365461 0.00116922013586313 0.0156993669421006 0.236944905054419 0.0207433696653106
0.292165605082522 -0.0110387140775982 -1.48079041722515e-06 0.00982174371062891 0.197530005336812 0.0119524381515516
0.337691619857544 -0.0104519854925516 0.00129580613374648 0.0102125462593603 0.224765407775716 0.0119997837969674
0.306327276743705 -0.0123581460799098 0.00458485564827084 0.0117013407581452 0.202588711448309 0.0117326491748105
0.31684582876284 -0.013527153867248 0.00253715163404182 0.0122984194746163 0.229082612990973 0.0149915661277526
0.292476933933246 -0.0107731452859852 0.00089258780887612 0.00893711295970132 0.203382329771438 0.0116985515602752
0.304414253193701 -0.0114890690716234 0.00593871452606965 0.012810649641802 0.209476764188059 0.0145809495886006
0.396724739450788 -0.0107494566064139 0.00255494010552989 0.0110126668628152 0.232021664698165 0.0123632307169288
0.306157323926465 -0.0115360221387245 0.00160000438307675 0.0145746310225491 0.187795731462432 0.0129488202167786
0.341659191647048 -0.0110285791027021 0.00183526629406271 0.00887802657646046 0.193770251619219 0.00893554903122706
0.312607433380483 -0.0104949341710805 -0.000445364077829146 0.0100596988666996 0.22204993542513 0.0107900543005606
0.374008078432359 -0.0105101881243258 0.00556301385347628 0.00853762176256806 0.23228145807845 0.00827675868894785
0.375759661423449 -0.012697751700393 0.00242796108747864 0.0119231376815954 0.205827166712178 0.0148772733328119
0.328603391121407 -0.0116499341269643 0.0020177548059919 0.0106178313056248 0.21895156926331 0.014141218805431
0.350101455328972 -0.0127872195778519 0.00107402798581179 0.0109237101794719 0.217337811976848 0.0109996233684
0.340007278673377 -0.0116331978814189 0.00303021931265578 0.0136632221402553 0.207249573441164 0.0151727770709862
0.373619825247101 -0.0117474030947326 0.000301725635765618 0.00784548184037507 0.216946553491556 0.0119936368903398
0.385019675182143 -0.0109583892037924 0.00204353138733854 0.0102861852952716 0.212502280152533 0.0107626286258251
0.351661121850081 -0.0104845974883129 0.00364808006090383 0.00857556040733369 0.21595229063585 0.0113316440615186
0.33515857784196 -0.0121984764658697 0.0036629496815051 0.017765952762389 0.219295757193204 0.0192727810101831
0.353600026750912 -0.0107484823912238 0.002519369462713 0.0127730489412608 0.216427787882037 0.0135523902966524
0.406496063451443 -0.0119066808025842 0.000704819762747079 0.0105247180259367 0.221385835384955 0.0122281440828042
0.350671881204117 -0.0123626668657997 0.00115142976726267 0.00957370978942414 0.21141735194013 0.0114834691764978
0.361536001804257 -0.00961726398886223 0.00271213545014527 0.0111834394525109 0.204571513288587 0.0126645922206485
0.406045606510971 -0.0101652419952501 0.00139656712927749 0.0107699952114731 0.230063608835176 0.011149497274499
0.347962132648001 -0.0113450725440301 0.00710217614101513 0.014649979567385 0.208943302877802 0.0164166678921658
0.379294861648443 -0.00937170702933005 0.00519059426440785 0.0109401415860426 0.234276996780742 0.0119077714947269
0.339755491987704 -0.0142875374438507 -0.000328938501805171 0.00774371225967426 0.206162590814673 0.00776595704133215
0.319052002603624 -0.011065057513129 -4.28738992610572e-05 0.0111189536277237 0.22373938576246 0.0117093026824293
0.339100962253785 -0.00965916626215757 0.00220598767016372 0.0069401053002395 0.180451969507696 0.00942850320213514
0.352511548412812 -0.010453604101124 0.00156328212033465 0.0123562073332385 0.218032933916714 0.0155366698020459
0.36120077949597 -0.0102232784810712 0.00188182609049089 0.0136220997553309 0.229035696637669 0.0148008520808845
0.3735519723745 -0.0103455776497679 0.00305935216327083 0.0117308019549043 0.223566840931946 0.013611897041502
0.377959400072329 -0.00966625316447522 0.00193624568616113 0.0115509297090637 0.231071855150167 0.0151339711154175
0.341620493443371 -0.0107232900528373 0.000737599590402045 0.00938761306226585 0.19626658840449 0.0118673673250903
0.37760275515724 -0.0123373819554085 0.00638453064767803 0.0113975482306336 0.219412261498072 0.0123230664713549
0.403348576745565 -0.0108173706851055 0.00349412185890913 0.0115789621431907 0.228211649556751 0.0119336523693255
0.358735488852561 -0.0121367141668694 0.000388822443529071 0.00962240885642141 0.213341834120094 0.01256031054207
0.382385790662011 -0.0116977186418978 0.000885554677834633 0.0140665390179946 0.221948643805397 0.017979782937403
0.351777748848371 -0.0114192308945018 0.002341324893488 0.00949663739070795 0.208269253017576 0.011903900109057
0.410227509609877 -0.0122399007675719 0.000699466841356234 0.0109635805785681 0.235233123749779 0.0127462519822456
0.251474129232795 -0.0111631509260921 0.000145676197981545 0.00911394720748014 0.200208342860483 0.0106710057944535
0.361095197061996 -0.0113398631651453 0.00216336522603105 0.00932033349491008 0.216866588918617 0.00920376266437942
0.359862835488727 -0.0104895453353287 0.00134568375576024 0.0133335142219541 0.213994593847944 0.0163578949891064
0.334634040041695 -0.0110618796644846 0.0013203066781207 0.0109057070398335 0.211045201467799 0.0113552463336345
0.378090612788241 -0.0111296859743214 0.00337104207540598 0.0148844548870788 0.218144175986362 0.0169404177592279
0.361039640872315 -0.0114510398955548 0.000897810185057318 0.00973700491388069 0.203464146107237 0.0128869611167369
0.346699216613535 -0.00908903765110653 0.00115266994194325 0.00896201285315906 0.212663264283889 0.00792349331251455
0.383351635287067 -0.0126122817068251 0.000681321123108061 0.0108338198375158 0.205721436283408 0.0113233353595114
0.378596381793786 -0.0103719197706438 0.00253872159648214 0.015360809159094 0.231719753367927 0.0153559514930472
0.335807355084351 -0.0114257222896206 0.000114260696312899 0.00861478603331034 0.20296361101597 0.0118399992776837
0.412873925666922 -0.0131392342084327 0.00579111138227794 0.0156509349817526 0.239559665586673 0.0219261573096885
0.407536772725325 -0.0109845992493859 0.00471381781229067 0.0115992445064615 0.231924152689964 0.0128518109979706
0.394945853737716 -0.0117440486044849 0.000725892097682821 0.0130707020734369 0.23912091320614 0.012379339864565
0.374076449068363 -0.00953600662254845 0.00543049998069466 0.0129379231998221 0.225211118962834 0.0142961066856188
