"drpm" "wddp" "lddp" "gmddp" "indcrp" "longcrp"
3988.035980408 5172.28129990487 4596.22754143646 5337.5430832301 4065.40085050161 4026.46232137048
4037.13772401381 5163.30386194146 4403.7169344754 5325.98245749026 Inf 4002.81359007939
3944.01290997896 5245.50674638934 4676.14942901756 5443.96284277565 4142.98888520471 4093.31008840323
4395.58399007161 5213.69156835664 4705.4858860644 5382.65965541438 4144.68214713388 4101.90611619962
3979.39130588402 5137.94933212647 4574.73110157868 5301.50088662966 Inf 3994.09401489206
3973.32131480117 5232.10389231885 4688.4972654442 5402.74109329093 4134.13981505956 4074.31796960441
3899.06950148508 5166.13406257205 4669.4200567992 5335.00666972298 4046.59803584582 4039.0302239561
4061.11959643169 5270.2904608981 4818.7513788188 5429.03658433077 Inf 4149.69441655084
4030.22393165665 5126.39411925685 4623.45354909408 5291.56343369779 4080.29413807051 Inf
4255.83692296198 5268.6271643466 4708.50114483348 5454.5960319745 4146.14723657441 4139.85788301118
4216.19443203396 5238.76366716467 4757.85666753865 5445.38151796412 Inf 4114.25265940236
4010.19354917199 5190.39390868791 4623.27135725158 5369.35637084341 Inf 4026.06428076681
4193.21261384123 5230.13314731303 4704.25786756982 5405.97346708523 4149.62300165672 4102.16375776735
4105.29327671035 5125.59688406866 4601.37034152884 5309.31881899405 4032.17406209071 3999.75588896157
4332.42560787807 5153.86588636947 4616.10983826819 5338.91345063377 Inf 4030.63313713495
4012.78420325488 5187.68916317175 4714.35127359655 5377.03537067584 4091.95031708615 4057.21393147174
3921.45487884653 5210.09897857789 4518.64128626732 5391.98890736697 4126.06972521892 4095.30764576025
4014.67211516704 5197.49267103432 4658.36632554845 5375.62424246291 4084.3680115459 4083.29539723374
3752.82124796819 5096.82703237392 4575.99951956891 5283.36330547615 Inf 3932.46090365723
3853.32745277118 5139.32199854526 4714.99534877261 5276.38920562051 4043.87421902677 4013.72943989325
3882.74240388251 5128.89469572174 4451.67234947277 5305.1169770521 4008.29403620905 Inf
4025.29935718809 5203.72811722623 4616.68733260099 5359.39498127879 4097.31776271183 4027.16267019181
4000.94805575972 5137.0718969322 4702.61448837536 5309.87007033309 4096.88387566751 4031.27942915751
4090.54747267403 5182.37261381165 4672.53149359849 5337.22111283646 4082.96007912423 4081.57922004153
3968.48104285611 5152.29757146212 4329.22333954937 5339.57919695005 4034.66491050461 3988.88987080571
3899.14247940434 5108.92001414826 4652.1519833648 5263.9326463614 3985.13820951604 3981.27457274498
3940.28585423649 5108.92858871445 4442.45175139615 5268.08762898371 4032.69023702594 3968.72828168
4028.11425324564 5220.5189717151 4513.13976208564 5377.90632719088 4117.57666003228 4051.66562035429
4032.60587441632 5155.34343341083 4687.09884385244 5314.83480863403 4097.3743015215 4047.59649711973
3959.3052066027 5188.71391577322 4667.54622343911 5358.51320240745 4118.96346341424 4067.93978996449
4050.29366136266 5229.79073541207 4532.31819967351 5390.38261516416 4120.39035542288 4093.47877334437
4465.01744736422 5153.8370332937 4487.02255262548 5308.16070949816 4073.22037084866 4039.74234128295
4122.88224548564 5244.81375320007 4645.35189744489 5413.68004210718 4116.99690467849 4104.47901866188
4157.35201338213 5186.19840614847 4757.06427327761 5367.72124749922 4162.64280352541 4079.17587995759
3909.94853870085 5145.19575998095 4516.64775556873 5323.00563378615 4088.52473075149 4032.0392094202
3914.43343655513 5190.58321064892 4616.81250421355 5357.5132795691 4063.53220300788 4049.97554111798
3936.20120829415 5170.80980399413 4559.04608408096 5358.66608831219 4055.06257320898 4038.47616411295
3811.16485059062 5194.80770803054 4538.79133346792 5345.59622646947 Inf 4073.93891224556
3972.15193315616 5211.35475520685 4727.61552459557 5397.022756913 Inf 4077.27775048996
3960.97427647494 5177.13755218208 4658.43191415353 5354.42470219517 4061.15738233902 4048.30161447298
3881.30722567465 5216.74619192865 4683.99331049866 5376.47936046172 4081.43615204254 4092.69208321304
4025.58940451244 5155.91579195351 4618.60089148444 5381.12729648266 Inf 4018.82612849473
3826.4983647945 5138.23339925779 4590.59659359658 5309.25315197116 4028.01749165479 3990.09112750914
3946.74874617311 5223.15991039239 4726.99808139143 5413.37966127643 4122.68931612214 4102.23862335446
3962.2741104563 5210.64525208341 4690.60928150397 5399.57466072563 4117.9295646152 4057.4329006457
3976.08522046531 5191.87230366754 4647.59542464704 5328.75513631066 4072.29772973577 4045.4748529083
4037.54361464458 5152.09441992996 4559.50536283665 5326.54536519608 4046.92644965559 4022.31813079057
4073.87672535104 5202.2436751095 4750.1453471358 5374.01744387885 4133.25919866522 4074.3645486346
3948.10871378204 5190.69635795845 4690.34331136148 5360.20504202087 Inf 4042.18341276895
3911.4556525388 5201.31517785382 4588.84366790561 5378.15736263879 4125.67981801113 4068.5740591985
4037.40711350235 5214.6283669609 4618.59089638189 5408.32713455768 4074.99815524473 4089.99853022585
3975.38049921733 5105.65465584122 4531.63289791605 5250.70871114967 4024.59973138745 3962.37632940922
4088.34292476166 5244.95525466125 4668.56731063722 5421.31372744776 4148.84945612903 4111.64734569436
3905.0058947761 5205.17601623148 4601.44708457742 5391.84378048147 4122.94376327677 4041.67270490681
4054.09783238777 5176.46236697103 4679.65095540452 5349.28328939509 4125.11860630301 4054.25201037411
4091.25068606831 5178.67920127774 4754.61637503811 5373.48074210522 4153.21433340965 4093.93443286606
3932.3945739306 5240.25979165936 4719.10001952908 5419.26825025098 4180.15271867149 4086.2782868655
4126.43334386925 5236.33643715557 4611.55343862312 5404.68037515988 4151.24759528316 4100.05647881881
4094.24517238126 5159.84104852244 4465.13399849718 5352.23907416969 4114.01587547573 4049.89401208034
3900.00604731699 5174.22087651297 4613.83574689458 5367.84758064896 4079.04920833111 4069.02483074691
4105.86548654857 5184.45764979051 4587.75459917217 5345.34325608094 4117.54133835574 4040.39440319922
4091.91738944645 5221.69278515144 4797.51070821954 5391.38972007606 4136.44374958256 4110.48623628903
3868.74343803006 5158.35389474809 4684.8615034621 5321.85238776996 Inf 4034.21253714123
3990.13438207722 5215.36943379028 4678.38566323878 5379.7533577501 4168.75085831437 4099.40722891259
4290.35836693034 5259.11011236421 4783.29407797162 5423.48776013479 4136.37148105047 4124.99283649354
4880.69380946831 5173.43942657757 4556.68324532824 5317.61334750914 Inf 4044.08875210937
4268.3815226632 5150.3726284025 4620.21539567587 5320.78200499236 4066.60643348033 4034.64772904979
4067.16226924876 5201.49724450382 4712.26467528817 5366.49917775746 4143.95509644176 4095.65350902128
3923.63879987769 5156.16591853026 4648.34168646646 5308.55129657509 Inf 4043.41794533758
3980.14300776478 5121.11687743476 4453.89679119174 5274.02796928361 Inf 3993.87201451381
4103.43526061731 5199.88276563561 4610.88099992559 5369.07709667477 4116.23896789275 4079.32397926691
3940.47087072513 5149.42659791687 4392.77382458553 5307.00906240757 4012.2011845402 3995.84909269943
4029.87707919342 5177.92373182156 4598.16896495349 5370.50391287019 4101.11726696599 4043.30091165187
3776.38773570446 5166.4724050944 4593.694028314 5342.60265223343 Inf 3999.59819295152
3820.19976208715 5180.88971395342 4758.73158104867 5357.0249643891 4100.9932419492 4080.67204579861
3931.91298845849 5171.81291592479 4682.62296280859 5340.87623477409 4038.48009957102 4035.22469844381
3993.64398578148 5177.50052879668 4767.3899139721 5357.44575388634 4088.98392457108 4070.36265725615
4025.08317056911 5192.07575931207 4643.55136077025 5398.45757830388 4091.92924886685 4069.15722583202
3840.9923207444 5197.98647058479 4697.96955636032 5363.59668265288 Inf 4070.0572513732
3939.22209695359 5204.8217161036 4769.22134679105 5378.81759133813 4148.54189681475 4113.01632307256
3829.41913613082 5181.97420041666 4601.02005891724 5348.679400934 Inf 4045.64733737463
4065.07820433875 5277.94280519871 4734.60759736542 5486.57894347759 4164.43651803269 4136.80882289362
4066.54330175791 5219.61519415019 4708.43600700275 5364.78191313669 4081.50932746086 Inf
3742.21484327423 5153.06981181271 4619.17538763438 5361.71171134948 Inf 4037.65856429544
4008.20922249564 5216.44237751392 4570.12936345291 5386.93387880367 4132.79843561319 4078.27490302223
4026.28179808535 5210.07617372033 4737.68025998135 5353.04724692984 4124.84138033657 4038.57369150642
3946.33339547914 5147.03646816441 4598.09934773806 5307.9696208374 4046.82618958598 4020.14846451192
4150.5899416149 5209.35251420521 4757.57704167307 5394.7210436887 4133.17297921594 4090.96824342314
4001.89585986114 5127.18450591681 4633.48682028482 5277.92707414529 4008.88474549146 3998.06629594793
3896.14991998767 5189.24118427149 4453.6385687649 5374.1580295352 4078.3042202412 4057.83447024869
3988.84850459048 5212.05077421103 4684.22892044852 5392.08979834879 4111.21845316768 4098.34043053834
4087.51983271762 5241.62574616571 4573.60657658633 5406.51896758675 4133.99387013492 4099.34075124858
4327.38790638615 5249.3943502277 4581.19340816631 5416.06677573457 4151.88994628848 4119.96721928945
3971.82438603722 5180.00884211831 4688.10186294343 5356.04427456284 4109.79391845764 4065.40139324549
4054.81628695815 5132.46625991034 4537.8397920433 5294.35715317704 Inf 4013.73452716427
3867.75848205838 5158.08295289063 4623.32200978159 5322.31300789509 Inf 4019.98723524689
3982.63546699778 5154.53381031983 4605.45196832247 5306.91177959657 Inf 4024.45148224155
4123.93145378892 5201.43854183834 4681.46613491284 5371.26038174857 4106.37807972359 4060.79737210017
3995.22412465352 5184.22048636697 4646.8392886014 5339.46331223893 4068.1626166591 4040.0472922942
3890.55288636569 5177.6950704417 4677.30343629956 5371.31715784363 4113.90498101125 4038.74525055461
