"drpm" "wddp" "lddp" "gmddp" "indcrp" "longcrp"
1610.33802364823 2199.13291192805 1581.15183661102 -1105.24069426363 Inf 1609.20547330773
1578.05676587823 2194.54388426142 1562.90737369406 -1119.3697612545 Inf 1597.51875624434
1574.64801488173 2187.27807571993 1640.46715605416 -1118.10958751628 1595.99765898236 1578.60693954782
1592.73366509044 2192.8948937044 1591.40428735985 -1101.04051219547 1601.35998563225 1604.16371291966
1582.42510521552 2188.47018872729 1524.29166569701 -1095.119826853 1608.04055688366 1593.51258954325
1642.52242848249 2202.09647382908 1655.33198271405 -1121.75173909584 1631.91675251561 1623.61530255322
1603.84003282838 2176.44958437381 1573.70114279829 -1098.02396606371 1622.09947233803 1597.7065563652
1594.7918907022 2183.55170996909 1630.48996119735 -1110.08126819299 1622.8378003965 1604.38379068368
1616.84960258146 2151.51280293693 1650.82867403583 -1074.26045210679 1586.09315274273 1561.36350128047
1656.34259738749 2230.87202104339 1657.24572140412 -1121.53468335631 Inf 1661.89815826224
1780.07043509732 2212.32171271274 1603.09579225999 -1129.27716214372 1668.94643387221 1611.80205373604
1614.49942693293 2193.17636053994 1590.76583457205 -1111.43856430241 Inf 1611.35658617136
1645.94588975172 2227.25488474623 1622.64957278702 -1130.66204232777 1661.11711806053 1637.96148408378
1507.20833464795 2177.25744469104 1620.34158568642 -1110.11220509271 1598.61098145958 1589.71630509546
1644.791274479 2168.6772592316 1604.73378815167 -1111.25185700005 1609.10020711417 1592.42618766211
1789.23798920763 2162.84863367938 1551.33132778835 -1114.44382921005 1596.41855492403 1563.18839616444
1637.7731921605 2151.59659023444 1616.6419505755 -1085.54362280026 Inf 1575.49399504581
1549.92211587276 2165.72148647629 1476.59640232222 -1086.4390792972 1603.52169577772 Inf
1579.0968605864 2139.77058894627 1537.23544154248 -1096.68552247768 1605.70686062151 1583.49106005335
1639.37984150391 2151.2461300049 1503.79773148919 -1092.30690665338 1614.63624842977 Inf
1663.78195566541 2171.1355214652 1486.15149937005 -1100.97525309374 1598.65292725908 1572.42214915328
1657.93532396041 2200.49303549006 1603.21987321212 -1119.78439359664 1620.273370996 1608.31676714308
1655.33396830802 2203.34372442774 1660.42040821285 -1125.13651441332 Inf 1632.10470503164
1624.97523267803 2214.82485723122 1638.36140551045 -1118.354991011 1648.13829671136 1641.24728951895
1546.96524351734 2160.33347381339 1451.3376454885 -1083.51243970007 1579.91069230456 1562.24510839921
1540.12393077879 2112.75097547489 1614.3027568973 -1073.61030658225 1543.50536796637 1523.16136327896
1610.10537189621 2165.16417727873 1527.02891796086 -1086.96088461786 1581.76330712175 1567.84898808396
1649.46319102818 2218.28969105621 1623.25345286556 -1121.91198289963 1665.37257777302 1635.14830057819
1604.96765079967 2187.31627578539 1531.65147802793 -1105.31653222912 1608.97760897285 1583.36217146812
1650.43363778679 2177.62924865715 1541.67511333777 -1112.77525503637 1619.38383249239 1616.88817951016
1661.15705027208 2195.69827730811 1545.73189126898 -1109.63016657698 1611.1697424952 1614.6790499451
1662.58335842475 2188.57731672266 1537.05747450326 -1105.29353150767 1660.33497094136 1620.75616209244
1560.89847020802 2203.95071008979 1560.2141832573 -1103.23892513123 1581.30188088916 1568.34672759778
1560.17515540818 2160.81609330643 1554.59735649348 -1099.70836267506 1608.07618090974 1585.83843557402
1627.63577987283 2195.8137730672 1580.02929972166 -1104.18960706373 Inf 1610.38079949732
1539.38340080508 2196.89771723742 1629.20710324935 -1109.58331833029 1592.90159421311 1591.77957691095
9330.35193640013 2197.71380041604 1657.98359658073 -1121.64751158796 1632.98259655564 1614.43659089237
1605.82455032977 2159.34126671369 1532.32550712432 -1088.58859934692 1566.43797911103 1570.94739801218
1635.43874052654 2195.13027271401 1614.08101488027 -1123.46944561449 1614.08145551316 1602.58681955246
1654.13881040557 2219.03842212183 1566.0862725034 -1114.61398135937 1637.86085546992 1636.44080590237
1623.01892756588 2184.24283221422 1617.3438024149 -1109.80807640749 1616.2977434295 1601.25057637633
1602.69586427101 2165.66687177919 1599.29236305355 -1110.82870059821 Inf 1592.20700564583
1659.36229186174 2187.55174963752 1593.87915392057 -1123.23375335214 1656.05367734323 1616.40382627298
1650.76961973286 2226.5053731137 1619.97745757682 -1133.67185020269 1628.14450592739 1607.30651412355
1579.16845721301 2204.10340042787 1612.73736853453 -1139.53410456817 1618.57494480158 Inf
1633.78687868045 2190.79309409334 1607.78317771256 -1101.49070675124 1624.16653338564 1617.20527152665
1609.73076745933 2187.18308164838 1521.57044355494 -1095.75001137123 Inf 1584.36559149474
1614.29492503378 2181.38871453693 1556.57851280653 -1095.66438002944 1613.94271811925 1594.21296910245
1662.75161058274 2176.37602025879 1615.06820098914 -1096.33778958495 1619.44378480531 1582.62194919536
1543.17400012597 2182.49090545564 1551.81273321722 -1102.41421888539 1593.99361372484 1576.55652956526
1550.34650263483 2189.02873899792 1506.92313776181 -1110.28088419843 1605.91492720202 1586.80660396513
1603.61635580725 2169.15070062263 1569.07236866362 -1107.24097114787 1614.57237930018 Inf
1654.00411237775 2217.99072501782 1622.95581506402 -1115.76158226599 1632.74414209294 1621.44900779627
1581.2028404235 2191.69556896258 1599.26423935331 -1113.78800472515 1604.66686374048 1604.76636349749
1566.34007086127 2179.62639996614 1609.79146041857 -1098.59707428528 1588.65768651186 1606.2947388436
1578.5262133877 2147.32706850701 1505.90381614434 -1091.11676894619 1538.30394772699 1537.19449806602
1812.62677509693 2207.04545885768 1569.43735602017 -1118.8894492735 1652.53679460926 1634.15796268545
1660.97392611012 2225.4559749644 1668.00725016907 -1120.6361693592 1649.12654693595 1625.14267141815
1631.46331363312 2149.77130706383 1642.59519086591 -1106.55290394385 Inf 1602.89867391772
1766.76894218018 2175.73944082359 1528.10025144683 -1122.49425019775 1610.65461883046 1610.85220734603
1669.61052111394 2168.79504921382 1651.07742951358 -1090.33606569428 Inf 1588.96161361986
1684.19043317033 2227.31665390414 1731.67682999139 -1132.82056113508 1654.76665508355 1636.33376526312
1508.73478630776 2177.44492610056 1594.72596732829 -1103.04779033106 1581.12199236106 1592.90441861597
1516.56533397272 2182.11295413607 1566.61839187414 -1087.68939783518 1593.53859756569 1584.613755435
1624.69423447935 2193.66490134313 1630.87874168218 -1107.05621199038 1604.81636080152 1597.59029884647
1709.62799404606 2177.36688735845 1650.68428267406 -1106.5354048237 1644.81067420957 1602.22239169314
1627.30109863628 2166.98304496512 1599.12024832995 -1099.5680104189 Inf 1595.56390437283
1642.05888494153 2189.41653773751 1577.63263675438 -1116.63511353153 1600.3271637531 1595.09384998
1541.12713230587 2145.23801673281 1590.86422724826 -1082.74910264132 Inf 1561.69655763934
1594.26371666021 2173.64485153381 1596.42979445998 -1093.03484759476 1577.62917145287 1578.63962055906
1635.38740812613 2198.42866484277 1645.90822402199 -1123.14558182894 1599.88498674639 1574.74836310711
1529.80261391082 2143.44735804786 1486.7044687068 -1090.07410477488 1567.3143587456 1551.77455358618
1659.82897127531 2179.32895395551 1619.24524952938 -1108.55582593649 1639.60720817856 1626.96357199205
1658.62064221672 2190.97194133591 1660.54696791692 -1122.09333754172 1641.59951872263 1619.24779620665
1668.12252652484 2202.82220765684 1605.6430247719 -1112.35832316331 Inf 1616.95110961815
1540.54285608527 2174.41160054945 1577.95981134723 -1101.33118504444 1592.59847152413 1574.86198497189
1755.59129947266 2195.38701586774 1664.29281232444 -1116.14912154783 1663.14559238127 1639.77026223673
1647.65477593028 2199.43565469803 1628.18386805026 -1134.19875063731 1621.02248810013 1617.50545311708
1677.09841470906 2235.68490520257 1711.26114183103 -1131.02830463046 1672.82887476359 1632.60949329487
1667.90104078914 2219.67081134307 1597.41984016117 -1121.73434586251 1649.03212318773 1645.55714284029
1659.87832644014 2201.37128058657 1575.94488583682 -1121.06983432299 Inf 1632.00219850469
1564.15416424996 2186.62558819925 1527.3149076993 -1127.48022739554 1634.95623213766 1597.4960112205
1574.0960163025 2171.46257259973 1560.03725841945 -1096.23579656345 1564.27385018146 1576.76015481198
1647.28090537252 2205.68292922157 1633.27154965917 -1130.25456339221 1630.74286136795 1607.96750986452
1685.37083732237 2202.49019825514 1613.85189743279 -1111.30105874252 1625.74751466794 1636.04925014304
1596.86574568201 2172.84558308802 1602.18167787598 -1088.18877935902 Inf 1568.16004357539
1687.85366265615 2187.96359917037 1604.37695107284 -1114.81642913706 1679.41327449198 Inf
1546.88991369413 2178.8685499111 1652.8357224503 -1109.82874124078 1593.33678778965 1583.86032061112
1570.59552863792 2153.37246423127 1478.20596544515 -1090.69943207267 1578.2973640366 1549.76228285682
1573.85894619482 2171.41852900661 1562.55269984267 -1116.8635460698 1605.41503740528 1602.62532598578
1616.05463715623 2185.65005495685 1429.76045717712 -1111.19135391108 1642.18070703147 1607.70250909044
1593.35435844651 2188.48041817407 1583.04503840044 -1114.54555577005 1606.90389336853 1596.59761339285
1621.33122612975 2216.86889742751 1591.91936838831 -1127.9685340667 1597.69709828867 1584.05522814728
1606.22987921625 2186.34001625351 1629.62387061438 -1105.1111034046 1617.02724855619 1607.33784905617
1566.83382796293 2152.96485612823 1536.57657032892 -1077.64329935032 1582.35100387532 1554.79417414247
1563.96296618966 2196.70575927055 1566.78317469902 -1122.29499869534 1614.51831965017 1617.16597033014
1687.77274132896 2166.89710450558 1589.00637136057 -1092.28082151841 1609.5834128373 1559.73874320232
1620.42265412769 2169.75058668454 1624.57031187052 -1102.26221103532 1578.1852774346 1558.71450133565
1626.44743994716 2212.92738673607 1660.51527890401 -1127.0641867703 1636.29341167231 1635.80268764845
1686.87457689521 2198.58707768286 1499.65978242489 -1123.79701416864 1628.49006059635 1620.04484196739
