"drpm" "wddp" "lddp" "gmddp" "indcrp" "longcrp"
-0.00224033587318904 -0.0138912666240937 0.000332293532650725 -0.000583835615031471 -0.000779347788601293 0.0078615941696847
-0.00374504357278367 -0.0115957944097143 2.65985251479863e-05 0.00066369089805623 -0.00252119124196031 0.00676840548360704
0.00242187239103274 -0.0129223033407517 0.00045302998597656 -0.000576327110717659 0.00299220398275545 0.00900065290218353
-0.00111169197215632 -0.0121277143155815 1.39865878298181e-05 -0.00165240335182346 -0.00145076175564363 -0.00278976082393505
-0.00171712238998425 -0.0133436715719019 8.22663700330472e-05 -0.000291436279001332 -0.00183773610942283 0.00396404527918049
-0.00348605676427535 -0.0146518043773182 3.38510319876107e-05 0.000535596670234405 -0.00410833260595035 0.0066641362527826
0.0001891865154387 -0.0144879777286023 -4.57082609283803e-06 -7.36040360384957e-05 -0.00121652648317131 0.00328039005339324
-0.00349164488034039 -0.0133899378534099 -2.26635303637958e-05 -0.00130817665231921 -0.00390876693173161 -0.00160012132631744
0.00231458621397996 -0.0138662173212255 0.00260627341313554 0.00284282710251944 0.00362691680531293 0.0093172229140491
0.00426878818178927 -0.0132417033874295 3.76878288884369e-05 -0.000848281177088747 0.00226541947449967 0.00151648978846955
0.00101286298186993 -0.0128974266297199 4.93530967468572e-05 -0.000475240298011757 -0.00108009435855984 0.00451602116214919
-0.00114625743603682 -0.0127908535855047 -3.56752901946755e-06 -0.000506494534684724 -0.00146026435701218 0.0047591280294341
-0.00362175064259903 -0.013500548448042 -6.39550581034332e-07 -8.36828413790134e-05 -0.00372767613531444 0.00724736905063196
0.000605963526246898 -0.0115335705964296 5.2382785779826e-06 -0.00079062463719232 0.000745414050887094 -0.000434625483228884
-0.00350547330337229 -0.0135245061054437 -9.98878164087277e-07 -0.0010803097696359 -0.00222653290375938 0.00109737390083682
0.00519679706562896 -0.0144929951571806 2.85809307557456e-05 -0.000658253049022702 0.00490516354927454 0.00205109880356522
-0.00597278906419755 -0.0122777081750747 2.12414761612364e-06 -0.00083687992065093 -0.00446376866202573 0.00418047527586751
0.000443820566001675 -0.0139520728388471 3.60251317650331e-05 -0.000830561360982528 4.04759910946601e-05 0.00343114836750518
0.00653458042412555 -0.0128943336172457 -4.56957244170884e-06 -0.000487488698205067 0.00621084602640157 0.00441159404804576
-0.00290212999009235 -0.0162570642728381 -8.70674081280013e-06 -0.00124794113549564 -0.0021307331027404 -0.000400768721495021
0.00106368827192098 -0.0114901965030098 1.29322846936105e-05 -0.00112644603224644 -0.000397382244535897 -0.00119043789296748
-0.00304139836229252 -0.013058970196634 9.62829838477812e-05 -0.001422829504804 -0.00283908037501737 0.000193691036293497
0.00680115911457867 -0.0121618217501647 0.000413586581503775 -0.00089596019975019 0.00384937659696815 0.00165125498024255
-0.0027222631746787 -0.0125320923163261 4.38251531509307e-06 -0.00111508246378521 -0.00228360274428262 0.000764429395006
0.000399288088257039 -0.0125460048205786 0.000116953255507643 -0.000816148012656746 0.000968282718711918 0.00316412891622695
0.00120393187410141 -0.0143481280142312 0.000834956662870291 0.000759320689802211 0.00227805061037111 0.00925322979755865
-0.00297156489844239 -0.0116734035752497 -2.7160680124549e-05 -0.000551824076180147 -0.00313530494200942 0.00269274591868918
-0.00465477288824142 -0.0142747676492237 1.23105320819514e-05 -0.000448075857838336 -0.00321183015200808 0.00180274608386916
0.00248764031583054 -0.0145010966312478 -7.66271404214642e-06 -0.000710002412611396 0.00145463058582248 0.00601650612388407
-0.00476357767794384 -0.0123362300640342 3.19773968968122e-05 -0.000310647605777513 -0.00489047426738968 0.00127133571387135
0.000183439380276079 -0.0123211649358836 1.08159177079952e-05 -0.00119814518059625 -0.00220141623361731 -0.00241051088291798
0.00203778472034147 -0.0122635529249712 -1.89286592209502e-05 -0.000924230361388103 0.0017922150182386 -0.000687509832599353
0.00332138392798962 -0.0134249340593755 -4.73841375547967e-05 -0.000441114116068196 0.00243140676677258 0.00604587657881354
-0.00136363288776229 -0.013975910946377 -0.000145660278883358 -0.00207663733068343 0.000119951979967538 -0.00194578097639523
0.00230267304348283 -0.013937657420991 0.00103545011295212 0.000927443108468785 0.00245589824303053 0.00741397089658265
-0.001622298341697 -0.0153865607056673 -7.20866348728673e-06 -0.00139672072529555 -0.00288366679760068 -0.00225382747612242
0.00469339653437141 -0.0148848422299958 2.70951257768032e-05 -0.00106580951904256 0.00384327452498396 0.00238500260722865
0.00314495069241822 -0.0143851080627008 2.02678322399005e-05 -0.00106544574442189 0.00111755901219127 -0.000590646768781951
0.00395820539024639 -0.0121264258268957 2.84824553786166e-06 -0.00102483376640451 0.00307940160143619 0.00145040725735507
0.0147237932559877 -0.0137978449700826 0.000297126384160387 -0.00113462542567621 0.00824914693475493 -0.000331520135184613
-0.00190133337347192 -0.012812918172242 2.2178721756646e-05 5.80716042597653e-05 -0.000893886266803691 0.00740405479797851
0.00439639175526037 -0.0128289539595814 5.40181847866445e-05 -0.000925001240135628 0.00417316865426102 -0.000550671499786148
-0.00335561302927066 -0.0110783023701967 3.49537852139003e-05 -0.000105150452341979 -0.00351160488812651 0.00504238618598297
-6.37170146624643e-05 -0.0115997231077831 9.20709358555582e-05 0.000617115053990925 0.000283343958124355 0.00116873276978888
-0.00109277521969389 -0.0134448710467829 -8.25539490717709e-07 -0.00127525456771734 8.85096598439723e-06 0.00127112254603666
-0.00148164312930595 -0.0149114118853854 -1.93828912227469e-05 -0.00147234265044073 8.58320341851062e-05 -0.00172218181455187
0.000571325643466558 -0.0121060459887181 4.34846063640666e-05 -0.000151187991836386 -0.00129631378967837 0.00258548778056867
0.000473609089034328 -0.0112207722956039 8.78479179049604e-06 -0.000413168035011211 -0.000262205299309824 0.00174114775505485
-0.00256605693099106 -0.013350115878145 9.84948009455412e-06 4.27006409866775e-05 -0.0037122219893402 0.00756929203625935
0.00409543545268337 -0.0127486424452904 1.17082531779021e-05 -0.000206477732272249 0.00203660545287013 0.00128702110623332
0.00639245782900852 -0.0133481733506541 -1.88350636339543e-05 -0.00167319564740086 0.00456163599531213 0.000185602911327071
0.00208615811356974 -0.0132388860020824 -1.29707320621841e-05 -0.00144920559278471 0.00155448863249661 0.00135396480526271
-0.00218231970301009 -0.0145682127062047 -6.85026282907974e-06 -0.000936241042554603 -0.00370271330718059 -0.0006248246283616
-0.00617084974030412 -0.0124160457129433 4.62259684760122e-05 -0.000210028845665559 -0.00539842449303016 0.00286169292295219
0.00161580328309214 -0.0128999253818008 6.54681007653404e-05 -0.000773967924491857 0.00197634820763414 0.00612397942316272
0.00292795585286141 -0.0138072059560587 5.84434221424391e-05 -0.000710707012911814 0.00246295289561714 0.00616855132704236
-0.00127381851299032 -0.0135702864706121 7.71319921780679e-05 -0.00116537077377254 -0.00109862614093931 -0.000516674937659367
0.00716254433170601 -0.0113116745294331 1.61941600921717e-05 -0.000318871654269487 0.00797682461428344 0.00545097144317121
-0.00195825896421005 -0.0120229708587112 -3.37516743938499e-06 -1.58548087945951e-05 -0.00129507937938191 0.00345759723224983
0.00190770609458259 -0.0158455186206906 7.61137816147033e-05 -0.000115744440467378 0.00122664188201186 0.00615324026782922
-0.001666197796646 -0.012595065087927 5.01527488273414e-05 -0.000151280355338685 -0.00102824439979501 0.0101658707738965
-0.00149505124897737 -0.0139866812123456 0.000206268259227665 0.000194492568701887 -0.00142392137506569 0.00933058170324394
-0.00453273650459408 -0.012026232535014 0.000345238926950105 -0.000281425800891685 -0.00519034857642483 0.00620604222553345
0.000626561757235896 -0.0138823048568767 3.20474388261467e-05 -0.00103496638646463 6.2637029298655e-05 0.00188172953367197
-0.00267492530153361 -0.0126589415369508 -1.34248382803459e-05 -0.000343220513559106 -0.000215946740139025 0.00440873881859066
-0.00306562072237406 -0.0142749131126108 4.34432195577171e-05 -0.00125632961300165 -0.00338977261464093 -0.000247174342637269
-0.00560581400077311 -0.0134823531241276 3.79269415688543e-06 -0.000807227703867484 -0.00462248299786016 0.00267593061860022
-0.0023579554063981 -0.013029015445167 7.83457451254002e-05 -0.000753566468965892 -0.00293319615407876 0.00405862115558941
-0.0018215466193096 -0.013818885136579 1.7676619526225e-05 -0.000377344865059233 -0.00136464746640644 0.000506096761770417
0.00212579346845603 -0.0132158322204921 0.000306592182466795 0.00141913013959648 -0.000587536552306696 0.00599341702371446
0.000595701930076252 -0.0145593043090628 0.000265896870008386 -0.000730510834496205 0.00142712945186501 0.00428755838086097
-0.000510461169658746 -0.0126194418250088 -7.75054294856387e-05 -0.00121324914444145 -0.000634368572727144 -0.0012141376577748
-0.000112355346212286 -0.014477144381912 9.08819654973329e-05 -0.000250906514086011 -0.00049316910218807 0.00336721489746795
-0.000178726495398208 -0.0146545285382501 -7.55714155485346e-05 -0.00147781876602516 0.0017176344837578 -0.001522619147932
-0.00539864333309811 -0.0119771384027921 0.000509696586345969 -0.000858484424502018 -0.00337580386944156 0.0062325456705763
0.00940622200135915 -0.0140267511019754 2.67525305656399e-05 5.36737049775414e-05 0.00900469759987804 0.00690627846455856
0.00265439806749967 -0.0123453517260557 0.000200794943816433 -0.000105370601774504 0.00281523431816424 0.00490199654407616
0.0038779704230076 -0.0128415171526586 0.000147012382676344 0.000806001737293556 0.00409926887794363 0.00483129037758734
0.00194550716330491 -0.0120922147953032 0.000415925450308262 -0.000194256365150429 0.00294924968949982 0.00686640798763032
0.000471167383066732 -0.0132981660541836 1.35544481456655e-05 -0.00165905555868142 0.00100375396612507 -0.00248026188459778
0.000830471226039053 -0.0138250949564915 0.000294554389100484 -0.000940245070290685 0.000947551402688438 0.000944592188602583
-0.00235581433297161 -0.0129523779279083 2.71172583051632e-05 0.00117992625230221 -0.00245734486154034 0.0077224812852014
0.000817622538064406 -0.0128088671193785 7.79414988840644e-06 -0.000765666670248777 0.000875623919815188 0.000360515787616438
0.00381893013465824 -0.0126426378032543 0.000156741102296757 -0.000909238529575383 0.00340576326236542 0.000722829418645753
0.00243706032068862 -0.0115719943090029 -1.90632860515211e-05 -0.000922459634684014 0.00289484936910047 0.00334350219882322
0.00159179080534757 -0.0119875465099443 2.98705838342914e-05 -0.000543538804962889 0.000712930095223908 0.00281886379909773
-0.000932760427738102 -0.0111766577674442 8.03450378280599e-05 -0.000619789048438268 -0.0010405392348659 0.00541827402887281
0.00134574812178404 -0.0127818971205663 2.63098039970139e-05 -0.00042701950218911 0.0010063991432073 0.00330470669398826
0.00223932494148957 -0.0120946280039581 3.03052154275683e-05 -0.00121075626222307 0.00219219409450877 -0.00111744958521677
0.00282739562691902 -0.0150012729341201 0.000396185828334173 -0.000743623511965758 0.00179415076729256 0.00091675087208324
-8.24883563884387e-05 -0.0144437896487564 1.15160490804e-05 -0.00114448766264223 0.000462278288979622 -0.000371717614020559
-0.00358499137529714 -0.0127876325001298 4.11238632338426e-05 -0.000785354771009172 -0.00274427818710233 0.00424751496013241
0.00428854073671455 -0.0134455400560396 8.77158097076537e-06 -0.00135040933002816 0.00434945706626714 -0.00128829733617623
0.0018190342722907 -0.0151582302663436 9.25379813040849e-05 -0.00112366521953955 0.000584309246010311 0.00172989723007594
-0.00266803779843818 -0.0140368997028302 -2.38621042293546e-05 -0.000588312064676028 -0.00330250389416765 0.00204776876552783
-0.000831720346033833 -0.0124253660522993 -2.71565369520391e-05 -0.000872736386802889 -0.000321456466510002 -9.19745348709175e-05
0.00189238040968416 -0.013441731928259 0.0010924186607367 0.000629742503191824 6.59380657157163e-05 0.00827351807571734
-0.00366968965489467 -0.0126035844886395 0.000145676088139725 -0.000895156874367123 -0.00246911856183292 0.00415115566061568
0.000794702664498191 -0.0127481777390245 5.99812661130165e-05 0.00118735856835909 0.00028133324299551 0.0078767808793736
-0.00249091148714249 -0.0120519057079628 0.000221756739087512 -0.000823499538255624 -0.0011097439526928 0.00219311371204013
