"drpm" "wddp" "lddp" "gmddp" "indcrp" "longcrp"
0.548694863257731 -0.00811543299888007 -0.000638690202432621 -0.00199561707029968 0.31405537036364 -0.000605623895203953
0.511527843255633 -0.00787488642112113 -0.000587507083622108 -0.00112848425309269 0.310834615684075 -0.000266173073122581
0.558933439896981 -0.00799888044732914 -0.00261588484939396 -0.00186135724547143 0.320939831605155 -0.00111296695976122
0.565353687887089 -0.008990463006744 -0.00159739942402147 -0.0015113723853756 0.317517615593274 -0.00110560115168761
0.515654669651029 -0.00881096836323852 -0.00191619290053288 -0.00291108571069002 0.315078756596313 -0.00217295782721379
0.568231769361154 -0.00981685885653629 -0.00111484196744983 -0.000792773957621292 0.302084852240189 -0.000324956290777119
0.535236992609745 -0.00886433752032104 0.00115421184913804 -0.000489896635924699 0.303863365583874 0.00106677445586779
0.55096259138454 -0.00866429304405701 -0.00204959920603365 -0.000672916340108498 0.313641054122909 -0.000785489968081309
0.54868121546968 -0.00943902206804344 -0.00064064163182399 0.000440777826475362 0.308621948299194 0.00218484564155406
0.541421966019211 -0.00844798268718578 -0.00081386538312269 -0.00177690554576996 0.304992992560135 -0.00150842350620542
0.521293352088508 -0.00844627585164202 -0.00168074831220624 -0.00129564311904995 0.31548036226048 -0.000457434128264942
0.521042856827483 -0.0092950315929625 -0.000574810597643164 -0.000798521333417875 0.311928935604783 0.000273378750047659
0.505284310762235 -0.00949843515239351 -0.000618584501768661 -0.000416878846645622 0.307971449551354 -0.000168751610599759
0.529009730383556 -0.00889417886358563 -0.00160589495565788 -0.0017842560477691 0.297531287261918 -0.00100146991480687
0.573946996334209 -0.00773018103591712 0.00128761242315306 -0.00160296956655867 0.294529720283351 -0.000585199083718084
0.525315640736813 -0.00980863389749223 -0.000772822113078492 -0.00149004017487402 0.307911880546251 -0.000467885966336912
0.513268479699505 -0.00918016276140872 -0.00178166583098424 -0.00194677942851684 0.30681081522359 -0.00119178075374415
0.513654801457609 -0.00903762528455498 -0.00106614863376992 -0.00110559189950756 0.304538310488418 0.00037456225310025
0.528592139964757 -0.00826666578509081 -0.00168260172974561 -0.00131822196295494 0.31344888210571 -4.56343404664613e-05
0.537372576113766 -0.00933021541787771 0.00061044428164921 -0.000579756060851339 0.309396449286534 0.000881950841370368
0.530414559392544 -0.0084953995263367 -0.000338167571209959 -0.000915696184747607 0.312806117895805 0.000131354096719784
0.5658421534122 -0.00867826353253755 -0.00183663473923031 -0.000964434676424208 0.29364033753064 -0.000238469578891493
0.539729641802454 -0.0085330806617 -0.00232133079413387 -0.00140361049663708 0.327033714966595 -0.00137903523110471
0.527313733991781 -0.00842412885523431 -0.00198523308007393 -0.0024269515103964 0.305512901315655 -0.00165741971067639
0.561664466302131 -0.0087562971737526 -0.00179519471447415 -0.00200843522776286 0.310243430394189 -0.0010144476647927
0.523685782307156 -0.00971120122151977 -0.00169128565218693 -0.00215785171086238 0.307886363113618 -0.00163896035357567
0.58223045936865 -0.00828904086183978 -0.00179032841730036 -0.00204420305426972 0.315317794538768 -0.00192032639719233
0.55963293392713 -0.00775299855446669 -0.000191215346652185 0.00035075732747273 0.303938002278439 0.00209131513593433
0.510798423979037 -0.00798181355380063 -0.00240961716321618 -0.00198066422060266 0.304503808774656 -0.00178806458935537
0.525700616062908 -0.00872438373021975 -0.000461462489540578 -0.00140829377366493 0.302553093536222 0.000332090577282986
0.526056205430823 -0.00927142280033099 -0.00154945031888423 -0.00095597757427594 0.304277706827955 0.000387178999514315
0.543829467973186 -0.00936261806278522 -0.000894626734401448 -0.00108351939332009 0.310251599593858 -0.000647400222888859
0.587571557563494 -0.00913271158109303 -0.00122317194946395 -0.00200240093119193 0.317047450079725 -0.00145173433026501
0.598320965996432 -0.00818372986014596 -0.0002679778553984 -0.000271718395497775 0.307006191020512 0.00163020534234063
0.53595206581145 -0.0100345698192587 -0.00131380383875942 -0.00110618165336513 0.307431618992433 -6.81142899713116e-06
0.534933261230525 -0.00981855704601983 0.000150522425624351 -0.00217678867906191 0.310768310544563 -0.000716860996984435
0.531181227003142 -0.00792754033827223 -0.00108589636169526 -0.00168746198752222 0.304272050854372 -0.000743282817758968
0.552973363426016 -0.00866522162856198 -0.000779196071328894 -0.00137390060922486 0.311564460719954 -0.000464117065856754
0.506211049569699 -0.00816520960122 -0.00288487852348861 -0.00304785696642493 0.318331853626875 -0.00220143690683033
0.507811277651097 -0.0081346904187695 0.00023497637218522 -0.00145393599509305 0.304530085350642 -0.00109734193323238
0.56362969718687 -0.00890984548221096 -0.00186496557028144 -0.00317228540802815 0.324762792569073 -0.00286843819106851
0.535002194702471 -0.00925909712332625 -0.00235191636705306 -0.00176050996606027 0.311063211988113 -0.00161677752479433
0.526963688632316 -0.00830240787352202 -0.00186930307942141 -0.00111805119687603 0.309793330442283 -0.000545552983966187
0.514978468068056 -0.00923321175945697 -0.00165120016818977 -0.00187877503276646 0.302493119782836 -0.000725463291469475
0.549362326607773 -0.00853821066012549 -0.00265115667289805 -0.00304731017922655 0.306270439641457 -0.00267529155091452
0.592550348868989 -0.0101583391981657 -0.00104716039436941 -0.00115814581941987 0.312866395211796 -0.000257727027578969
0.55569909734724 -0.00801681245416292 -0.00124470099975514 -0.00225171569790871 0.306326936459251 -0.00153920406970871
0.551167517405659 -0.00838762894583626 -0.00135852638548481 -0.00404389455296604 0.315299226865154 -0.00362496373106529
0.548737022517671 -0.00857220385360473 -0.00163033753818966 -0.00146595705206354 0.313460538491586 -0.000394242185910547
0.514278560796464 -0.00990528792216995 -0.00257087483343797 -0.00200430787787949 0.314948838342647 -0.00119231990024333
0.503902339555604 -0.0085934097367947 -0.000446901508554715 -0.00113082270938325 0.301171985115846 -0.000579982663316337
0.528838301031733 -0.00822273651633497 -0.000539107868106183 -0.00171054210366631 0.307360749231871 -0.00125451629195789
0.52962627833519 -0.0096454861794603 -0.000284115531820381 -0.0016870286116535 0.321815710357408 -0.000827942112121446
0.543484775227676 -0.00922187696029662 -0.0016680926473304 -0.0025154122013173 0.308659530943003 -0.0014736136810479
0.551189726125957 -0.00910417716420635 -0.000628113035429679 -0.00274481279295099 0.307586400768519 -0.00246685121847138
0.534665401965975 -0.00891114290156848 -0.00122840250029821 -0.00201827415954279 0.29867620659958 -0.00103819383593011
0.50626143490093 -0.00873067375731001 -0.00107788395524678 -0.00191559805965599 0.321734658968127 -0.00174924095992946
0.538626868421048 -0.00934808758164216 -0.00133303762648888 -0.00133666445133171 0.305062010003243 -0.000312020053405567
0.516261330818915 -0.00912751834262122 -0.00162622653675588 -0.000880648793604091 0.309345246784112 -0.000444172553527166
0.510234918197913 -0.00959585773861277 -0.000661433730806815 -0.000655707798528661 0.298337636689348 -0.000683948208781375
0.52838216434974 -0.0106949538824721 -0.00033749240642197 0.000334401292047929 0.305182089221106 0.00118964604228934
0.524186488423242 -0.00939787926467494 -0.001880078443931 -0.000741261478033443 0.304216522716325 0.00055766346517647
0.552588733477411 -0.0082367332792467 -0.000236453343116927 -0.00164282474858497 0.306928558230417 0.000324162856593676
0.531149363582757 -0.00763565395799258 -0.00105126474563467 -0.00119288251831996 0.303573170621187 5.74018664178105e-05
0.534730257079347 -0.00791036031053994 -0.00108823295292389 -0.0015296782996211 0.305554835350638 -0.000515908256392015
0.541132317836065 -0.00913973558701599 -0.00213951126460297 -0.00174311265463699 0.310419946434443 -0.000975377518976979
0.527249249657165 -0.00790934545655377 -0.000238374120622604 -0.00136969952234011 0.309536774425699 0.000292191393733171
0.532489525263418 -0.0095567051586341 0.000482023912654065 -0.000560834631914417 0.303731634849332 0.00120775332672296
0.520292008826502 -0.00801550002730988 -0.00137370670015309 -0.0022451384256702 0.309756805847858 -0.00123394474270085
0.513855922750399 -0.00834938425575728 -0.00165865645672883 -0.00114018708372742 0.304809792354842 0.00031386445519009
0.495568218045971 -0.00917171604531165 -0.000550432532807888 -0.00192489270906572 0.319062012333739 -0.00119276087348048
0.527800965295426 -0.00811997611092835 -0.00147986215211721 -0.00245254497619199 0.306866256720677 -0.00196413113114227
0.50693500675461 -0.00890519984956984 -0.00165101840201782 -0.00102363841067546 0.29218985263674 -0.000481453083574524
0.513137812546419 -0.00892795349517939 -0.00103087473031654 -0.0027452487636708 0.299045797580721 -0.00236104958675311
0.517887267043187 -0.00818431757124485 -0.00216355102685464 -0.00269202425253976 0.303457768870237 -0.00279439306987098
0.548982537757272 -0.00900694223981208 -0.000942465240505217 -0.00150451114392325 0.305821298125928 -0.00053046013179252
0.559504593207349 -0.00833407773678197 -0.00112259357618107 -0.00163414765087219 0.299622422349285 -0.00101601184076295
0.509465225643707 -0.00810647381933282 -0.00035487105839931 -0.00179614748485671 0.315137332562438 -0.000242530088343385
0.526542157037215 -0.00816027175771061 -0.000947275300324465 -0.00178245851569581 0.293073875779177 -0.000542214731372636
0.522145868634749 -0.00806637424128176 -0.00233770158295758 -0.0015801061947887 0.303328697801411 -0.000655304748901201
0.55304191801829 -0.00899799885251538 -0.000326958028087432 -0.00129883890273382 0.313498151470191 0.00059542281261485
0.52661550688334 -0.00959884868775619 -0.00151357805349184 -0.00226670113144857 0.307521006459847 -0.00178074588530043
0.499228775508319 -0.00906343444603926 -0.00290142901022226 -0.00201117354181032 0.329137754952571 -0.00238951418440789
0.566831396024538 -0.0086729044729347 -0.000860414486782517 -0.000699173123254396 0.318441544594066 0.00104912142298823
0.509537742013189 -0.00994010302986602 -0.000577324804700286 -0.0026062143300064 0.304980757793501 -0.00166378636834318
0.538706630517795 -0.00761017913890087 -0.00161285695044593 -0.00191772167529632 0.316720711178935 -0.000861112711582059
0.57109336734367 -0.00855348295860875 -0.000235314088886081 0.00151501974595592 0.309347695809442 0.00244434270457732
0.525779396426795 -0.0085590117831089 -0.00215543895172301 -0.00205178000968887 0.304901567015262 -0.00113969195752738
0.54061981786966 -0.00900150325924743 0.000334913130551446 -4.77218723189597e-05 0.320896843650579 0.00215136223030634
0.522404199174442 -0.00802212064077536 -0.000121593639055859 -0.000375301343950943 0.29747353791952 0.00088623814703505
0.538956527016124 -0.0100663486147637 -0.00189105578676801 -0.00213765387844495 0.308751496658752 -0.000860887438345725
0.529785389358597 -0.00823604168114933 -0.00217635784785576 -0.00174204219119018 0.301205983338097 -0.00150517844224333
0.537341518006652 -0.00949753316761969 -0.00146355112690337 -0.00199877795132097 0.3090973163933 -0.00105126602568698
0.545674725790809 -0.00922321782699653 -0.00225966331377849 -0.00239982835188847 0.3038168557904 -0.00211895706415031
0.546379000874527 -0.0102883647722758 -0.00226296886638463 -0.00191645611924012 0.312576293768564 -0.00108372776916071
0.545131664857839 -0.00817847625570423 -0.000390326742593991 -0.000932560821016502 0.316423526031841 0.000175530211570745
0.525076708797422 -0.00967479603008236 -0.00191771472094499 -0.00233159247346008 0.315097130196274 -0.00220069311364634
0.520423838423755 -0.00965351023049226 -0.00057519829211717 -0.00161919184427852 0.314272220709964 -0.000996409331063956
0.514436307598989 -0.00918733624330767 -0.000972780327863266 -0.00144666916973037 0.317399117919427 -0.000708424747073771
0.522726859564921 -0.00729941224873686 -0.00146987551290387 -0.00168291558380134 0.309324135113038 -0.000251499995381329
