"drpm" "wddp" "lddp" "gmddp" "indcrp" "longcrp"
1598.42097203462 2189.31023613304 1610.59432389895 -1104.34619831986 1643.87686641667 1618.2234027769
1604.92220916187 2229.79629962199 1557.66861533527 -1123.02942433948 1631.23242536813 1601.39904454163
1576.40191681152 2184.07300314073 1479.00911262238 -1101.76122593312 1613.14556054945 1610.60459411905
1568.85541756363 2160.61845041942 1527.86720335082 -1106.77671047446 1590.09978562578 1593.60284078496
1656.74905092329 2183.49358629569 1620.37280979502 -1102.92978682622 1586.98619306062 1589.16600286419
1628.40744564844 2239.64329210113 1485.94556386654 -1107.204869246 1642.68202696181 1607.75092944963
1560.02352823712 2197.10651187698 1639.69170357143 -1107.57434039102 1653.65910366326 1626.02432947234
1631.92757911639 2212.14348780177 1639.57718941655 -1116.45543985926 Inf 1633.78597026507
1668.02878483796 2215.98494512595 1649.60395389073 -1125.49021430922 1647.24964714411 1624.39498188486
1635.02359970545 2160.19208211661 1565.11214117905 -1094.18837593777 Inf Inf
1626.60854819477 2211.16695558351 1571.87552401203 -1110.75848495111 1604.89369550984 1617.79722597651
1582.38958300282 2173.40734064157 1628.81188893578 -1108.86180350662 1561.55129978789 1563.85953571455
1671.48135401065 2162.27656097056 1584.61774190777 -1087.19010665604 Inf 1562.68277706606
1562.54882762629 2196.76392847555 1562.74465618627 -1093.95082723627 1589.69340641294 1581.11887541615
1618.88895667757 2196.84267438156 1581.39590561429 -1119.98828264989 1621.44158349019 1627.64121116723
1595.8227305729 2180.45299121232 1533.69418927998 -1100.99490098059 1602.63420926956 1589.37819323304
1696.25429301085 2203.10429273832 1568.06826950967 -1106.47301400533 1651.9221118536 1633.97460115139
1618.45027015871 2188.41688768269 1605.62386504662 -1117.25567519722 1608.78588697835 1610.23421687045
1516.5846524602 2152.81423199822 1562.5699078533 -1090.02629342044 1581.43067229977 1568.38873937175
1609.69947340915 2189.27909028645 1604.36124080822 -1115.58005747173 1612.2512534546 1600.72288569849
1605.66639547073 2181.13605353807 1565.31747910518 -1108.69438778682 1624.65905208464 1600.73740303532
1632.8062101349 2200.13683659601 1532.38195387641 -1116.12605865703 Inf 1625.77932619023
1618.47225670677 2181.85785952582 1562.59794638273 -1101.8896658313 Inf 1564.05298195757
1540.4104805078 2167.24083440598 1618.57484049392 -1076.82963204004 1580.25283049498 1575.9121824194
1812.38461076967 2184.03995982576 1626.51626496493 -1112.81213794577 1644.92452596152 1614.04933720205
1510.78327744791 2207.00653478075 1554.40597550879 -1106.93203680528 1589.88509353648 1565.87164528047
1638.601494942 2216.71153343631 1589.77525293547 -1121.23885604277 1651.63991188648 1630.64744412569
1556.6998308245 2155.45274080289 1588.09549395618 -1104.46463547036 Inf 1573.88509120416
1618.22785764302 2171.18226565313 1526.26989620424 -1111.06306787894 1631.50418787708 1605.78616562648
1605.94356567637 2213.09949462991 1587.04492213701 -1109.9582894396 1603.62264379079 1625.36931543533
1659.83625816147 2183.84511214548 1666.251595563 -1107.92206971009 1608.08967081176 1609.5603586789
1644.5127231796 2208.71158911994 1661.00569689474 -1118.98594079896 Inf 1605.78693891971
1522.36517672293 2172.48679174427 1519.55081886534 -1095.86999657999 1604.27286292997 1585.81014199446
1655.12160782826 2181.68851053646 1660.44310981831 -1104.28234635943 1626.94407470982 1603.84271408202
1668.92769642416 2204.71142639583 1633.50100427086 -1118.09102815315 Inf 1567.2666683512
1669.00517454145 2185.83928870117 1648.78659333784 -1122.24020310437 1632.38000728114 1613.84051736098
1562.8353431393 2184.92372438848 1550.17935509997 -1096.81601808894 1622.78079998807 1596.32987652697
1583.8092244947 2214.68919473914 1490.33666362989 -1109.31933389919 1620.64516249617 Inf
1590.57824577781 2154.57294501863 1611.23156438751 -1093.33751566401 Inf 1547.73033475816
1627.63432134321 2200.99597376099 1566.65673948933 -1107.73765207424 1600.65657215205 1593.7657563695
1541.80385855017 2143.47773284005 1561.0541819279 -1069.39269699511 Inf 1569.96365915294
1535.13717247805 2146.34178900021 1532.75025140291 -1096.4875654116 1540.17061034039 1542.57883739341
1580.83282876508 2163.47428070485 1512.09430421898 -1103.04805446197 1595.49199787387 1551.92578515277
1570.32631172561 2162.57039040827 1605.78471432642 -1098.34267197726 1593.5719180213 1576.55003015808
1663.8833318873 2210.31133509266 1593.39338144684 -1123.32985307858 1652.02878362258 1624.92437946695
1667.80744960957 2201.43034935068 1594.06284886772 -1131.64985668403 1628.05577038389 1634.17800127035
1593.69433161812 2139.82031046954 1574.0102838139 -1084.18714350314 1571.06009803007 1564.8281129846
1616.14332430303 2181.33545948125 1543.68575032682 -1099.47335005472 1642.3778572005 1585.58726821306
1635.44523854244 2182.82908428244 1655.37082366081 -1110.71772611088 1633.56788608676 1611.23695543291
1537.95176234644 2161.32079743191 1498.21037245687 -1098.8906945572 1591.73716566787 1569.99195593825
1628.9024752271 2203.17581173774 1584.10506461367 -1116.8210692256 1630.32340713956 1610.71584894486
1602.63737232641 2121.88027744824 1628.25265752513 -1093.74153736829 1553.50458583203 1548.52194572492
1518.20814203938 2190.9266508121 1580.6997470359 -1100.1907259102 Inf 1585.46943028436
1655.11301785224 2217.312586594 1664.61158261732 -1128.31849088833 1658.80505238423 1637.1925726919
1584.58300043615 2171.73086237845 1468.62110897392 -1075.50348795799 1591.23865684316 1590.02139743985
1660.55693710091 2201.99492112302 1638.45419657592 -1114.74728573066 1638.70699079477 1595.19478304751
1547.52757494206 2137.09039968934 1541.9512483262 -1085.33559573949 1600.71725264815 1567.90628131715
1607.71168089442 2189.30384194373 1630.12916843162 -1099.85204642909 1620.16135039568 1614.76635407966
1605.64346275347 2149.35408116825 1598.57867533036 -1115.04207991792 Inf 1585.8155640276
1572.74237589622 2158.94982380198 1598.17757544053 -1101.14606664639 1556.58577165746 1552.73106268303
1605.31770982612 2194.71582444551 1627.56711598414 -1118.44357292058 Inf 1606.90068332712
1572.27354726261 2185.17527459798 1608.21479364097 -1093.83869604371 Inf 1594.64986533114
1593.70197116098 2183.5272669224 1563.47213422203 -1092.00902486462 1576.54131330322 1547.27381000303
1616.72154744281 2198.09047740501 1636.95301934945 -1114.88195629165 1596.44795578321 1577.18669396845
1647.31662253815 2209.06899186408 1589.21956812083 -1118.10036935744 1636.03515944297 1631.46610497076
1587.36426445905 2168.15057577797 1593.1084800506 -1103.11307517423 1578.19767864217 Inf
1590.73598380171 2195.51189399028 1558.92317009548 -1112.7390777541 1659.21551026451 1632.18474094826
1621.61282251796 2199.44601016839 1530.85863010068 -1117.82834483984 1621.74512066854 1585.22952476531
1637.19593327145 2208.32630750336 1597.97840821034 -1124.59240820625 1603.00596776888 1616.15174869449
1665.92160568951 2200.03508929498 1634.48956944184 -1103.30205983512 1644.20607081073 1610.38297209717
1620.63977447558 2175.83689332121 1541.43997533603 -1106.1896694246 1605.42459526052 Inf
1648.67864209917 2148.0231209228 1557.14947175836 -1087.92181374476 Inf 1559.30376424999
1613.76671993697 2195.86708015999 1590.77118250689 -1112.34126418187 Inf 1602.01840756584
1601.04643767319 2145.09439760065 1650.024611793 -1107.17314429685 Inf 1546.48793691746
1640.26325675578 2175.31946308229 1604.04540412987 -1109.64355198909 Inf 1583.20912584802
1646.56154465442 2203.74713408171 1660.56128615691 -1116.28182385776 Inf 1635.88845396504
1623.23681593955 2184.14309906399 1503.25250066262 -1107.60284744372 1625.00984304905 Inf
1656.08433540661 2208.43740399734 1662.90127303612 -1122.40575740467 1642.53436417009 1634.09689469261
1641.37213871883 2225.7021393501 1591.86819194407 -1124.31227148796 1636.53574018091 1627.98793404784
1619.54272788724 2197.81254732689 1573.19915997992 -1109.09955650498 1590.7172159221 1569.91899460259
1712.34725705198 2189.42077490474 1630.46458927964 -1119.72046957034 1629.50181444667 1593.57816075825
1689.81971222111 2186.29448465771 1648.45344204245 -1119.74273680815 Inf 1599.67794237579
1540.46370585003 2182.5360748258 1517.00819111138 -1085.18611500407 1525.88466620052 Inf
1532.54888110819 2139.18462291637 1550.43092625964 -1091.05034903922 1588.83162965989 1579.33679423455
1635.40018740314 2197.96206877881 1579.90503789449 -1092.15894941197 1591.35288075477 1596.13688644447
1698.15293749156 2189.68023615968 1601.74401246656 -1112.62153814694 1639.86460136919 1609.99122707982
1637.29837730395 2209.5268029826 1617.29389096184 -1133.36830365905 1672.77095324949 1639.54021309075
1651.65243446487 2218.88082197802 1541.32976715927 -1115.95068727675 Inf 1644.15323202702
1637.61431469638 2191.88539962438 1513.42846571652 -1096.34655300902 1631.48631273156 1596.11822355254
1573.43033684087 2154.28825312613 1518.02114414656 -1082.75940577202 1573.77294268202 1568.46604409768
1715.64859257105 2183.4508161168 1509.67972085378 -1090.33693404463 1593.97835347092 Inf
1612.82994410014 2141.78045934829 1518.81618775523 -1093.26710041343 1600.70493746773 1580.94175962785
1548.91246275142 2137.14790550149 1550.57008524184 -1090.82205811669 1556.30645575515 1530.08977586435
1630.03223591004 2230.57073948039 1617.98583172646 -1118.50521035188 1638.38581075838 1632.56334163526
1741.83727320083 2239.40685621581 1577.82230931258 -1140.3330451075 1695.89421693952 1665.50706904089
1711.3353875447 2206.8053562226 1576.82108709173 -1109.54881072663 1653.21941229571 1612.08947957235
1630.76536013616 2188.10180705252 1507.8798351374 -1110.10589987681 Inf 1582.46067794751
1591.71592100872 2192.67293208285 1599.82865228796 -1111.79149282051 Inf 1598.87590158574
1543.73677874438 2195.51690687828 1652.20701870686 -1119.82719049309 1640.89348691329 1617.6884464361
1584.71284874737 2173.96666204731 1584.60542009732 -1085.65618225902 1589.25003875869 1580.16849108541
