"drpm" "wddp" "lddp" "gmddp" "indcrp" "longcrp"
3188.78963001079 4678.64114324094 3045.16136718062 -2374.04232362983 3451.89431926722 Inf
3233.54231230213 4683.9338433936 3049.53503812515 -2380.65499370491 3476.7850514302 3416.00528443942
3166.61558787455 4689.70611370805 3062.84483587614 -2401.10969582911 3462.06869096624 3428.47507698276
3007.09581307081 4668.76716589531 2955.72726631476 -2378.36555778208 3434.2930221343 3388.24431529943
3232.27986982413 4650.93552881201 2921.23712066516 -2360.09707842929 3359.77185367886 3304.01550710287
3246.27241036652 4717.08552781524 3159.8399011945 -2419.22725210381 3516.45170048369 3484.61884954792
3238.52410640017 4635.84327005197 3033.54939766537 -2392.70299765747 3457.20007897013 3422.51185531121
3141.53504747972 4681.49275575397 3087.62671122136 -2385.17594196603 Inf 3408.47057585784
3113.93030062153 4612.31995250087 3158.04901677217 -2337.02717729504 3382.72915108869 3342.86427742161
3189.33188435454 4650.97334372229 3119.50865942545 -2370.20147601016 Inf 3431.53608483983
3207.24584734086 4642.79427424488 3120.4408556892 -2379.03285941901 3446.91312651338 3413.59569588035
3140.92198596731 4658.94191075473 3066.61848277647 -2398.05974842285 3423.97210164944 3400.20723535352
3317.38482167695 4647.24949868927 2890.42388242485 -2372.4720084596 Inf 3389.58808350312
3241.53419647848 4654.11426935929 3143.80695272952 -2387.87771809768 Inf 3421.99255110495
3039.26403571206 4610.58365132138 3175.11573999369 -2367.64320148322 3449.24973655365 3387.87758631631
3229.6596346687 4683.64165654544 3184.54770181791 -2392.09280022652 3502.8468146226 3464.71948915816
3187.69431397384 4674.71569157719 3066.814436152 -2389.43234233734 3453.99057472713 3382.67801679653
3228.10654822389 4674.75557861666 3015.66215289884 -2383.52702478611 Inf 3398.53684600375
3199.52265673432 4668.28030955134 3134.99832440291 -2400.78694832793 3460.58628631057 3455.83711052825
3190.40939035247 4652.37201403432 3003.06674100663 -2379.34209987226 3459.64040355595 3406.83122763151
3296.81964734012 4670.92444737631 3142.04541039281 -2382.38052578461 Inf 3352.45534307645
3071.10158941862 4617.73707419368 2986.91536245249 -2365.31446603062 Inf 3402.1286556865
3102.22877122434 4641.8402045999 2823.79343674402 -2367.93404806622 3392.61100541514 3360.40124916358
3210.25380906717 4652.11867521776 3096.92118865479 -2368.54980861871 Inf 3376.99199425328
3128.88860449532 4664.21022916527 3069.9549922878 -2399.18770915511 3455.62335910802 3417.24327748425
3343.39081104332 4659.76063955274 3063.81034758706 -2391.24455410161 Inf Inf
3000.71335993551 4647.43521406338 3072.94348624436 -2369.25568915183 3449.38672783062 3395.29062880918
3189.90008857435 4681.85678755501 3024.60993831074 -2388.93305541161 3463.32487793727 3419.6995567525
3305.76711977613 4669.91423915484 3185.89864519751 -2390.25942069328 3494.41920109486 3452.1358733691
3178.25935673547 4639.52376603458 3042.30272491527 -2360.91226365249 3405.97899701244 3384.94468212427
3214.02892057453 4720.40876132411 3097.33950182171 -2423.88494832192 Inf 3439.39772525751
3096.19569768404 4664.85845089094 3131.64610536008 -2389.21248816609 Inf 3409.40087721328
2996.51002230847 4700.25941638436 3111.37671984121 -2393.38984278904 Inf 3433.4353827573
3110.93065887502 4662.07524654663 3037.64917208392 -2388.92913685149 Inf 3444.31872156467
3222.34244376609 4631.53260024253 2973.40244207628 -2377.49076699394 Inf 3393.54942316827
3156.83695336843 4666.89012823039 3124.91810344637 -2396.25468728738 3447.32416054349 3419.31063586112
3222.0573334698 4660.04200212904 3193.54228593679 -2392.55360444031 3452.05966492254 3411.96618191262
3104.82363323488 4642.0825982065 2959.48157444356 -2365.24085676238 3442.38145068546 3387.76944172175
3231.50391858153 4694.38408442238 3147.67717285092 -2384.60667505551 3447.02740362444 3409.37919027963
3236.31422531545 4658.54495554023 3097.34033452136 -2373.74397547756 Inf 3367.45725522689
3283.45240628276 4682.35760235186 3032.08492482966 -2389.17352237976 3426.3611816698 3400.64809760067
3189.74841968579 4670.05484043334 3107.49745444293 -2405.41145983124 Inf 3412.59339037862
3201.40289330227 4632.79069463426 3025.88232001606 -2372.89771041584 3414.2970959489 3344.78753093816
3241.00127611974 4627.95184468931 3017.97883889103 -2370.47883472574 3431.52039358419 Inf
3291.00180833372 4691.05701475947 3152.2163325547 -2385.36449817755 Inf 3457.12727108684
2956.75978989067 4670.85951147983 2874.29305378543 -2377.58501989199 3423.35235045779 Inf
3155.19000381965 4653.62699657873 2932.62925502213 -2373.31576968251 3409.41443251311 3343.87138562772
3094.09620478285 4637.63202165044 3000.92404308687 -2369.81276751455 3394.70661867487 3346.05611338262
3212.63231642667 4653.42278605325 2933.415549948 -2380.42275814596 3407.74671905576 3378.48848977097
3097.31402232332 4638.22683363011 2913.81031177443 -2371.16146707988 3422.47817510533 3366.21646439536
3221.32615195359 4630.55682360371 2954.90236474802 -2352.17784914108 Inf 3380.54295906889
3293.49784169092 4629.10242296617 3137.69181952958 -2379.34657777425 3437.37898960506 3408.58065702952
3093.67934553021 4642.45783005909 3017.984808425 -2378.747824765 3426.01304623042 3397.37583600863
3211.40275247809 4697.57921279418 2941.07945272388 -2388.49284797979 3515.28068964393 3426.50960078665
3243.4662645273 4663.46081858667 3170.43218565466 -2375.52141835823 Inf 3417.41368477373
3200.70699672321 4642.27181222019 3079.38275402213 -2374.47102620426 Inf 3367.80383595575
3174.6347544551 4668.92023097046 3038.27226648576 -2380.62608251598 Inf 3392.85941340966
3218.62673818304 4649.791530043 3046.69951821209 -2368.16242394469 Inf 3414.51384267826
3136.64914972908 4636.10473294771 3004.87115566041 -2387.82357513423 Inf 3332.08984335277
3283.99189369117 4645.3043331541 3007.87001092437 -2376.37447845518 Inf 3384.72213918133
3094.61055939819 4572.7033356123 3027.18701570165 -2330.81871104287 3352.11558698786 3294.89356723619
3271.34867238804 4656.78006245986 3036.32883967022 -2383.01351258592 3427.68396115476 3410.52997750987
3063.12591821732 4663.00232569164 2845.25443927002 -2384.16032625844 Inf 3383.70116745551
3199.72262123172 4672.8448512715 3151.86170783664 -2382.7800379025 3471.60642507157 3443.49073753014
3226.26331193161 4696.76594800043 3257.74564359466 -2404.15474982819 3512.19481181478 3488.16289966225
3145.11707091732 4643.75719202518 2919.1484660322 -2379.62395613212 Inf 3430.75724840559
3271.30870714488 4665.28721382432 3139.17092919248 -2381.30969249311 3482.23069965568 Inf
3146.95209048392 4654.64611805477 3129.91176624436 -2386.05862135892 3450.58470876453 Inf
3276.1958478501 4693.61255334704 3161.20532377761 -2410.75912564191 3451.77755995044 3429.99429967884
3063.10372196978 4624.88864007089 3017.38980756765 -2373.73706927129 3376.77649535749 3381.54565911188
3081.02605566338 4617.04403821194 3001.47504233088 -2339.09432707834 3370.75261507858 3369.15107805631
3125.73658287182 4665.83542687141 3162.43562855832 -2375.8656011383 Inf 3421.78409414508
3402.86291049258 4653.97923040013 3306.63519907518 -2382.16609275287 3481.32354919002 3460.86051905108
3247.91958736757 4665.59624370095 3182.51768839011 -2392.12521879076 3490.07266216516 3456.50849328927
3272.38078869349 4652.98930123839 3088.01856782522 -2387.06899256115 3450.32353227359 3401.44132964281
3207.25489417998 4688.90468366787 3009.39051362994 -2413.98634691378 3484.54839010567 3435.30370287132
3105.9853844081 4644.71372301258 3151.14086855325 -2361.04357835181 3410.95314589813 3383.19595893087
3306.61918848025 4693.8978296092 3001.21746664923 -2409.38370408549 3469.86315946521 3411.02600350248
3207.09361257311 4683.33809899486 3145.53442348565 -2391.89906525299 3507.89041490377 3469.02202291478
3142.35139418394 4581.33987965959 2852.25713312735 -2330.23529944195 Inf 3336.55840009446
3175.04374140428 4689.99445469314 3055.24342958184 -2389.74211599269 Inf 3416.36651338578
3220.81554941683 4672.72768929977 3118.84208425626 -2401.08512518559 3445.3527501391 3423.65824014271
3281.76260196241 4657.51447759897 3005.04740725 -2392.76397087751 3383.84474199062 3379.89558714392
3134.34393673495 4674.15425247857 2994.74691878378 -2398.71164253925 3422.90327341649 3394.57870755732
3331.20951916971 4648.87953432765 2994.06353597117 -2362.7437053569 3436.95425656683 3382.08220702885
3096.71250788306 4649.90556425101 3111.46376763199 -2383.06058653085 Inf 3413.65719803466
3079.44611969853 4690.73509709452 3118.99335860197 -2395.82103123829 3474.01502302657 3396.29260665317
3187.48207424458 4644.52279077515 3113.33873887424 -2374.46677654595 3442.6288211472 3405.19591853913
3190.56222378701 4695.94035052623 3062.49699034459 -2391.19610317042 Inf 3410.76187287874
3155.98983996829 4655.79085372668 3126.26725663309 -2385.87458259255 3464.65279891501 3435.99393017716
3261.65444351623 4629.18225313279 3029.05728349819 -2366.40751781373 Inf 3372.55287498439
3172.75832479248 4657.90380350398 3151.95937613619 -2370.30667673595 3450.56964481597 3385.02060288016
3024.66380048769 4636.06823695899 3052.55338202355 -2361.29303449133 Inf 3373.6481337291
3159.6956725511 4618.65362723872 2985.26204719473 -2342.66357015835 3408.61068054798 3359.93839259166
3353.65631588582 4627.20561463332 3092.67681468342 -2375.41841369042 Inf 3388.73838413951
3193.16966701031 4642.83272365018 3073.12782070162 -2360.75088027334 Inf 3366.44420575564
3262.15597664722 4674.62484834875 3000.44376660316 -2370.32112120411 3430.7123968222 3361.34804083618
3207.84869839796 4676.80257349103 3191.29092080089 -2389.31144877592 3456.95483395757 3441.0892364656
3316.64182657408 4696.12045172719 3013.74997735246 -2394.08762987878 Inf 3395.28437872167
3212.72307451037 4626.75869178771 3112.41516765939 -2367.49922860704 3428.84850997038 3380.02399718377
