"drpm" "wddp" "lddp" "gmddp" "indcrp" "longcrp"
0.0258453619289797 -0.0122429530012675 0.0017869877089998 0.00482593973180209 0.0392158918967416 -0.0016738929836032
0.0673572533579186 -0.0086093352189049 0.00769126414340219 -0.000585112415555517 0.0710225290214678 -0.00170561009581377
0.0646045740661301 -0.00881945829822462 -6.85439185270955e-05 0.00139226431309859 0.0672589946635216 0.00172327215956427
0.0499805935385055 -0.0110318450966204 0.000582151951241424 -0.00461309930560781 0.049198678705314 -4.46328713620605e-05
0.0365781718345257 -0.0123045038909746 -0.000909930556782451 -0.00262507640521366 0.0415409214674219 0.00395434563670362
0.045854629543137 -0.00805237467291722 6.05944279327161e-05 -0.00185126768704224 0.0349056086688121 0.00574679179277585
0.0685297129721241 -0.00577301681265274 -0.000635362401982368 0.00307869153495162 0.0610044848516202 0.00306528798720347
0.0312378628549765 -0.0142977967049506 0.000251992631174831 -0.000770982752427477 0.0350537082472873 -0.00119467176883029
0.0539265518338068 -0.0114851910069274 -0.000557911972553902 0.000626517512050534 0.0738354760722335 0.00151112034983931
0.0311434632545823 -0.0125650031021983 0.00200489512875417 -0.00484356412800485 0.0270352716563623 0.00918160430009727
0.0457916888005097 -0.0112492801122497 -0.0010621340612178 -0.00451167432269539 0.0418025283340623 0.0134222402183068
0.0205135790847051 -0.00555161668454192 -0.00143405450295209 0.000693582382924314 0.017817840307056 -0.00759445090943749
0.0436861529211322 -0.0119674414535898 0.00237887290293807 -0.00287238553956659 0.0498534765258665 0.00408014263123773
0.0485444816654104 -0.00934451566783044 -0.00617699781915365 -0.000682323725011368 0.0526628220930789 -0.00547888231052701
0.041768803745718 -0.00766930313708293 -0.000330300089304326 -0.000378349954855055 0.0530747752019152 -0.00401527386104158
0.0413959379605479 -0.0103989001915206 -0.000428911903428224 0.00281007737825005 0.0514809022327398 -0.00821452935622677
0.0404675349520794 -0.00464987526980296 -0.000960902540300121 0.000201064378521155 0.0481058632426433 0.000569896532458283
0.066369418971361 -0.00833940668960419 0.0056828709847762 0.006256036227439 0.0716106499996449 0.00620744325361286
0.034431256635554 -0.00487569827691107 -0.00268196284618183 -0.00241114682866518 0.0432222191111107 0.00382873955306008
0.0464214874519383 -0.0082817473686519 -0.000223948431758874 -0.00117166540868991 0.0480848797390835 0.00248905469164442
0.0263391431661781 -0.0116583245076345 -0.000813571548421143 0.00036160522500137 0.0342616030322847 0.0038980751171679
0.0610914785739781 -0.00678336910671121 0.00297771138091056 0.00931308162996324 0.0729846650958623 0.00399525833236782
0.0576753320238497 -0.0110043655061328 0.0017449154398611 0.000910185751881648 0.0563479114409735 0.00263483827949692
0.052691416685327 -0.00174127590540268 -0.00109577292846617 -0.00281462531665908 0.0498711193365712 0.00108998548983499
0.0573822105137425 -0.00664546162580214 -0.000978138638273796 -0.000548943192660106 0.0553541317163099 -0.00360120706802131
0.0769826992191006 -0.0100220345720904 0.00105807983194554 -0.00109504714645626 0.0649410980121464 -0.000970346142128816
0.0381369287276662 -0.0119659084687238 -0.000182443019078556 -0.00439147435007977 0.0340396010947505 0.00246801845718648
0.0452446381139299 -0.00472475645239139 0.00209653990451159 0.00272458227248618 0.0426164557721154 -0.0043634605580638
0.0729488287669962 -0.00833253534785046 0.000316432920002113 -0.000423928263954702 0.0747079308349927 -0.00508021573255056
0.0445597148542389 -0.0014355287921159 -0.00182446166384886 -3.31340469713874e-05 0.0495537539720866 -0.00225734870177154
0.0594317551454455 0.000658306096150113 -0.000793639760951572 0.00143539901467515 0.0483662221358107 -0.00111453972727836
0.0357094421827879 -0.009018064124364 -0.000937326958908084 -0.00167791873240457 0.0329245088527877 -0.00313548751741832
0.0691686493366247 -0.00223959382089878 -0.000599681247752295 0.0014774969905639 0.0709803404115869 0.00233294257030277
0.0808195991180034 -0.00781856666427587 0.00281493096423711 -0.000891395297834972 0.0727187652181359 -0.00549793825097729
0.0318076671911703 -0.0118845487833917 0.000363402379526666 -0.00142410650091633 0.0379481260520233 0.00841469344303034
0.0418509162264894 -0.0121339083641281 0.00152412762423214 -4.20335232452449e-05 0.0397121286002318 5.91110376106471e-06
0.04763975787405 -0.00944093262345127 0.00201271198491993 0.0032873373539401 0.0514545954540321 -0.00378808977981244
0.0397447467425303 -0.00917927445415358 0.000569190614879821 0.000203790197997979 0.0395874724844445 -0.0016067783844914
0.0708053347335806 -0.00492217462325315 -0.00239492130862142 -0.000676286695408748 0.0660046184882098 -0.00662457763786445
0.0319928352823691 -0.00979838660544918 -0.000268508832635764 -0.000673273776762252 0.032811988213413 0.00671450787146967
0.0309076082059779 -0.0126362333669358 -0.000211797310567228 0.0014836038850277 0.0367999048297656 0.00269867369823555
0.0375752997905432 -0.00626238257400207 -0.00129377920793026 -0.00290162954392208 0.0361221753101681 0.00236774396171191
0.0619722035504468 -0.0071186620093627 -0.000277080345032979 -3.67084746281456e-05 0.068997088882547 0.00429025353031278
0.036734562483363 -0.00881715287191872 0.000219672018249047 0.000961735629316016 0.0375837103528499 0.00139890288195538
0.0434775624014291 -0.00830982487230409 -0.000880064170277492 -0.00238641328744185 0.0482665632046294 0.00394609099959052
0.033411214710633 -0.0010213510976354 0.000121897758255872 0.000867847513628471 0.0264004310156334 0.0234522574687807
0.0473707847382255 -0.00575782558254215 0.00191553902817932 0.00479014153226207 0.0365850947637371 -0.0113787037238861
0.0421203885954737 -0.00959996898113572 -0.000354665563590396 0.00314392163545853 0.0347938659410314 -0.00373965968506859
0.0439067600859834 -0.00752516337357293 -7.53919717765821e-06 -0.00470256813799398 0.0312020805050393 0.0093100788384852
0.0524777152043053 -0.00883530067388447 -0.000724532026244866 -0.00139793426899846 0.059715925356509 -0.00768045989559398
0.0827624188975814 -0.00729222714616681 0.00325327460087373 0.0019228298371711 0.0780034422952866 -0.00641654255830362
0.0351467576613308 -0.00956791299776212 -0.000508502718051899 -0.00104311881711435 0.0356030092802265 0.0022338577262382
0.0383613403249247 -0.00999293763027573 -0.00041468744639289 -0.00096401683097616 0.0322222978687677 -0.0058745980257918
0.0390158521634043 -0.00961514775240904 0.00183771495361716 -0.00059536749758666 0.0382678862780563 0.00368919190599208
0.0412526011037335 -0.00557564388917006 -0.00372548157562022 0.00172968103183706 0.0392190435270577 -0.00832939097634218
0.0401448503632758 -0.0150790850278563 -0.0013165214501326 -0.00387602710684532 0.0410621484997695 0.00854317019067826
0.0591789149714113 -0.0116644948550797 -0.00104390525813915 0.00146583554831911 0.0519205902159323 1.62651712457861e-05
0.0312087284876466 -0.0137528262049452 0.000310252436901646 0.000252553436741621 0.025961723809695 -0.0104730309711214
0.0595305217522888 -0.00679731041524404 -0.00273844536891421 -0.00056755078976844 0.0654742235260907 0.00180878096292298
0.0393341072701478 -0.00602752408780836 0.00297282722624432 0.003167433448068 0.0570670659348644 -0.0087483733075295
0.0592956730439036 -0.0106385721597393 -0.0045580815746071 0.000839370720948605 0.0574103603576757 0.00441201622940241
0.0384628481573313 -0.0123873410826361 -0.000414850691900104 -0.00169870221254677 0.0474021523289158 0.0131277980426293
0.0142749082061735 -0.0103452929435284 -0.00136513053168397 0.000276096955208982 0.0156465110855123 0.00548218862631898
0.0652859002367776 -0.00563151043977732 -0.000440306237689077 0.00255198486491697 0.0412112286258717 0.0105501440056978
0.0423685759941095 -0.00883140975519443 0.00597927565227146 0.00143776672652898 0.0390064757809689 0.00535873779879061
0.118379842828874 -0.00899480949406164 -0.000411163401700493 -0.00093012822093455 0.0852525418921898 -0.00127078062349171
0.056553073142976 -0.0142722575307751 0.00811248114138781 -0.00535639646163858 0.0597377195496707 0.00128038351722635
0.0443713865851405 -0.00387839273927309 0.00185516477620213 -0.0008224975418835 0.0475600016665501 0.000434433754944895
0.0409351082627209 -0.00749759473249469 -0.000838708463675294 0.000341640594718341 0.0439135811039327 -0.00038208697046406
0.0483279281856383 -0.0121041834823133 -0.000718672909827752 -0.000824019678863461 0.0501277090116682 0.0125840749144345
0.0570059237474766 -0.006818580330757 0.00264772964183033 0.0051743450471801 0.0502609380503999 -0.00343082368023651
0.0694252250692243 -0.0107489737282593 0.00300014845484103 -0.00145695402914534 0.0675121908033056 0.00106798617583973
0.0439174764386735 -0.00809381834811281 0.00105146568955075 -0.00407055436234112 0.0482271214890587 0.00079971206645453
0.0391278516390909 -0.00869391420757562 -0.000416656635317853 0.000956578914663143 0.0456184450592846 0.00624777181742212
0.0465629469417201 -0.0075663267637154 0.000812365625355467 0.00469986115586785 0.0617261228259765 -0.00432740798673042
0.0305899053407436 -0.010383937018145 0.000922640917519483 -0.00119200788377102 0.0393810976287246 0.00130456518297128
0.0314151026909128 -0.0120143865713073 0.00167004791416405 0.0023686335790776 0.0319535106674273 -0.00668596305586302
0.0506917630845287 -0.00969331009475448 -0.0018051899651584 -0.0099418713127323 0.0452330501437951 0.0151816808577888
0.0385562851791795 -0.00575849656629385 0.00152556570186366 -0.00318152592473203 0.0455876070167614 0.00286568850553041
0.0578816907502406 -0.00284213223157863 0.00178284056281042 0.00194496862000168 0.0577186293956864 -0.00153238227895181
0.0585426481368876 -0.00634787795697625 -0.000244545394080748 0.00610135713330593 0.0516191404622142 -0.00569156899641958
0.034149390750246 -0.011172049597723 -0.000368900043395241 -0.00111839970967136 0.0416950795369601 0.00234957930026826
0.0691432078036793 0.000227677224855149 0.00230737348565983 0.00716938142538943 0.0735660859843439 0.0152757893354132
0.0495016196191833 -0.0110792640136625 -0.000987865574919515 0.000547928212542058 0.0450800788017622 0.003300058986251
0.0266433377038255 -0.0117107613773597 -0.00503092676422901 -0.00402245877030032 0.0309214048758768 0.0026443757407793
0.0428514707857269 -0.011239934986825 0.000355106299127962 -0.00131805362322562 0.0465905763211532 -0.000647050270852232
0.0496986994188009 -0.0143198583030376 -0.00152858048642781 -0.00215462486250814 0.0439113547628939 0.00210160360156401
0.0575626669648811 -0.00887064730975461 0.000251163045437691 0.00636247343578357 0.0523705505043589 -0.000120377474107431
0.0547663418528722 -0.00891557669259996 -0.00156333931160546 -0.000650101607507305 0.0477598226677661 -0.00230718959848781
0.0546998155549589 -0.00207392261089084 -0.00177200309487914 0.00276289925255571 0.0441377653081334 -0.00672628941244606
0.0496222810347139 -0.0142899957146318 -0.00404688383167121 -0.000793006256751586 0.0530646487689114 -0.00397039427958967
0.0331170894130265 -0.00937403679237604 -0.00308971023489493 -0.00461395025187057 0.0303871982135354 0.00692778164032404
0.0395715664376466 -0.00986116897720971 0.00224897415397203 -0.000246023466018204 0.0482919892277718 0.00882037878277674
0.0409831073686469 -0.00623464130233199 -0.00198401068878474 0.00209022470570132 0.037845129116955 -0.0028295155929093
0.0543191545004786 -0.011786663701174 0.000850663524679009 0.00200569024289117 0.0506108034512009 -0.000303811184038628
0.0565909497536013 -0.00877438023265564 0.000159046982636233 -0.00363665317850729 0.0525609353695418 -0.00178003981750768
0.0653316784968775 -0.00837900392706055 0.00218939997015161 0.002330033381419 0.0704018461563736 0.00168741707184579
0.0830111428335402 -0.00741875853947051 0.000820321646820348 0.000504499610437771 0.0684312674014462 -0.00359606518450427
0.0372303263267805 0.000354094432402476 0.000281752217930599 0.000402913323282981 0.0287729610192039 0.00140609350401596
0.0363475717570449 -0.00881324392657361 -0.002117365983901 -0.00747882736827367 0.0382755013676908 0.00482324103360063
