"drpm" "wddp" "lddp" "gmddp" "indcrp" "longcrp"
0.0720832478950992 -0.0103775269157851 -0.00023655492580351 0.00107902951212696 0.0567461991033729 0.000896379205275957
0.0857282298382564 -0.0106552476160125 0.000142550092188866 0.000478187679681565 0.0739590144071443 0.00215043755968672
0.0781433291989299 -0.0128933773142977 -0.000152382424992319 0.00533143452711965 0.0708683121077733 0.00891342606291686
0.0582263575439014 -0.0108236477448836 0.000174279465334161 0.0023365635053141 0.0538222609374105 0.00268982018390018
0.0697750024162752 -0.0114738372370568 0.000160777793975924 0.00137505316216706 0.0652686351253974 0.008075548859036
0.0752978785651084 -0.0107008449925175 -0.000162393205577613 0.000804418324744553 0.063777286829488 0.00600047143601524
0.0754399313724379 -0.0128440870046636 -4.22040494395483e-05 0.00257306716311872 0.0649302701688594 0.0030876656520905
0.0532108144539904 -0.0116278256533676 -4.57882848889073e-05 0.000531736352422944 0.0480127520452676 0.00116857703563926
0.0728178653847933 -0.0101986984699804 -0.000183084513848488 -0.00126067443564323 0.0616916342921323 -0.00288454097149524
0.073374175502798 -0.0108813337304477 -1.17560870998521e-05 0.000581770722624448 0.0674580030862534 0.00526130460191356
0.0781084700890488 -0.0125647959587584 -0.000113426936616077 0.000733272941957896 0.0737219604422577 0.00846826735954081
0.0506749527635487 -0.0136555081383041 -0.00121489019801733 -0.0024913493731873 0.0511213711912286 -0.00388517363924303
0.070281466475404 -0.0133357511674 -0.000170912587075182 -0.000236738981116824 0.0567962260691191 0.000823041949840659
0.0679647597334758 -0.0125309229469687 -0.00104835375968107 -0.00109178389814001 0.0619839338066272 0.00108196355819875
0.0682726784428963 -0.0105241438604525 1.69996168471033e-05 0.00565393186025897 0.0668472886921908 0.00353022131689683
0.0671426768118342 -0.011827780216421 -6.81924467304653e-05 0.00105872706421631 0.0581838173534796 0.000862252447086817
0.0557181931646972 -0.0114813846703364 -4.61986430990294e-05 -0.000114264927091961 0.0548952040301902 0.000644337440795825
0.081063115885778 -0.0120589455065788 -0.000147739450657535 0.0034780245641943 0.0703159839541813 0.00590519575754292
0.0715134839169782 -0.0120987476580994 -0.000474659150762516 5.78733103311243e-05 0.0642525766805837 0.00503222144939195
0.0712359668492036 -0.0124247344766988 -8.57671602578263e-05 0.00125959964606831 0.0605523585088364 0.00459106079491229
0.057058476253445 -0.00913777969800972 -0.000815317193702977 -0.000691935880079585 0.0507151490245292 0.0023583814427423
0.0710867842597173 -0.0117889426242208 -0.000326625404150208 0.00241821095246234 0.0656697606784475 0.00235496355742127
0.0723006750490447 -0.0111187095654295 -0.00282018822042572 0.00129953385366318 0.0630037852668824 0.000229747601893228
0.0605003738683216 -0.0110160340113001 -0.000327763707130098 0.000655405864268549 0.0610844411256723 -0.000277597480277522
0.0849004344673453 -0.010484412740463 6.98236637152644e-05 0.00111311726132719 0.07438969059885 0.00548853853444726
0.0752927057316304 -0.0101971985946935 7.3776598425107e-06 -0.000230106018023726 0.066768564347885 0.00102776363073849
0.0676759869676643 -0.0119509847484465 -5.944571346867e-05 0.00241969338853389 0.0708240611807832 0.000289707928422235
0.0611475436003925 -0.0136891919287251 -0.000159371202449157 -0.000459569016643392 0.056097826303549 0.00032402735044045
0.0769263548571869 -0.0124884304138944 0.000329830559921592 -5.8303787166301e-05 0.0646337460284679 0.000687164653218068
0.05959566116211 -0.0102083027204128 -0.000476465297049539 -0.000544303223514801 0.0549526807196248 -0.00115283657854919
0.0706517933567466 -0.0120466469477701 -0.000268279631077661 0.00346133650920569 0.0594151382243852 0.00328732988740752
0.0565902297863826 -0.0114343566993518 -0.000130689443167566 0.000461310729470753 0.0542676422189071 0.000263645696215477
0.0604851040340758 -0.0108304442113066 -6.32157090322304e-05 -0.000416239905104577 0.0545109225171886 0.00254408263943985
0.0706640880369559 -0.0135882436119274 -0.000299688209702453 -0.00148877482680346 0.0540602708765399 -0.00229424970056966
0.0431671944083762 -0.0120076480408793 -0.000130665807253982 -0.000809621030250442 0.0411170214145304 -0.00227820852956538
0.0619362486845293 -0.0111139380252641 -0.00010972292495374 0.00272485610794644 0.0508650580697453 0.00365554565512652
0.0574122492199912 -0.0106544976162301 -0.000205413621222939 -0.000512627512699311 0.0529796840782708 0.00167959025267412
0.046231021457861 -0.0119570873462177 -0.0001509014008729 -0.000334894617896374 0.0454894363940573 0.00260819068861983
0.0869396630784827 -0.0112809731888818 0.000677468522784875 0.000241555530294811 0.0711388156587657 0.0119386115786522
0.0554351388842744 -0.0105874164164116 -3.03974689549819e-05 0.00140036921337719 0.0464271494326202 0.00186407585761072
0.06383377558935 -0.0115023257240546 -0.000277677094421024 0.000413198037361785 0.0545221970611465 0.00134775670116397
0.0592016564269482 -0.0104060374209927 -1.61254298750094e-05 0.00015079584760855 0.0514364920065363 0.00520556974064919
0.0771704855448447 -0.014048089834177 0.000197680832959329 0.00696876101922983 0.0712799383471284 0.00725473773056982
0.0701038854890266 -0.0100319895669024 -0.000218694136320569 0.00291425375891161 0.0606958746017482 0.00213054554805609
0.0503021503770802 -0.0134501865625781 -2.24745753673834e-05 -0.00042080524573187 0.0472860941877293 0.000184008064997403
0.0640878383421743 -0.0115316843448652 0.000216021322062507 0.000283029223931637 0.0571947897105695 0.0107811383587217
0.0736598495713078 -0.0112555583591823 -0.000104211367221772 0.00305343861423816 0.0635048334415132 0.00233048869907609
0.0819397137114451 -0.0107233312818523 -0.000140695437158377 0.0019141512441212 0.072738009265103 0.003232463752294
0.0724139262133003 -0.011668897307819 -9.07236900875976e-05 0.00135114600158583 0.0617355019277021 0.00374534410524523
0.0703040527147545 -0.0126329372721311 -0.00029123409438121 -0.000135907069659012 0.0630198542314171 0.00104491466265759
0.073408626471392 -0.0127136325250352 -5.13118094233815e-05 0.000796301908825978 0.0651680071922302 0.00179161346982277
0.0571942654457173 -0.0120696695110346 -0.000269941973739321 -0.000229338314829355 0.0554212553547444 -0.0005243453928353
0.0765638061787749 -0.0128474554896054 -0.000135641564851308 0.00181679375040767 0.0610267302532358 0.000851137806996371
0.0543323068818305 -0.0138341263365617 -3.87582758024424e-05 -0.00044337882212292 0.0456923410301292 0.00209649371895461
0.0599757259284003 -0.0121486815014597 -0.000176532200732279 -0.000445986070281563 0.0569047462756227 0.00204730121377876
0.0785060931439302 -0.011074777531632 -0.000859124752384394 0.00394967552855361 0.0683050713004179 0.00558528374928626
0.0603957982996121 -0.0116621891677502 1.79324577163563e-06 -0.00011951477052004 0.0550575590138855 0.00377080745741649
0.0426238186775183 -0.0124697852230975 -8.8375207291868e-05 -0.000403358488876696 0.040547336374554 -0.00171853986156683
0.0603217305317904 -0.0112661754663554 -0.000620532691188893 -0.000364029628235476 0.0549236841591738 0.00261440474055759
0.0891025694932493 -0.00988323034258929 -0.000320284383125232 0.000124900087544581 0.079336072521369 0.00148270331013578
0.0667897609765762 -0.0134592812101318 0.000469208323471423 0.000933653062478603 0.0608323983740991 0.00278180427355717
0.0461040417254405 -0.0108980997321076 1.00006681968997e-06 -0.000147488385878599 0.0428057781029749 0.000484160821664096
0.0487237961945491 -0.0128279921036929 8.1284921053323e-05 0.00269922034851772 0.045164926677602 0.0066692465167262
0.0705293681216816 -0.0121589078338791 -0.000282273554661722 -4.84597759674066e-05 0.0576688448329603 0.00442327874766055
0.0723280127817976 -0.0102728894287994 0.000390564418678875 0.00873561922563322 0.0679219489809443 0.00665862619404652
0.122905252572709 -0.0108567171006596 0.000119714060294517 0.00453830447233879 0.0927951804490537 0.00660278606981113
0.0771886165675459 -0.0135458151981908 -0.000301956253049366 0.000334864647823082 0.0660056859280756 0.00446671597821537
0.0613013633277978 -0.0123099410750979 -0.000203025700912271 -0.000552504984039751 0.0572646062854227 -0.00138951950525393
0.0703660352168434 -0.0113040318663502 -0.000445673873191825 0.000986299087160646 0.0586380031571397 0.00406342542571984
0.0614404888712363 -0.0107335711563941 -2.29554998840496e-05 -0.000573360521034799 0.0567745453804433 0.00217962313798394
0.0762591347773907 -0.0104271910109346 6.32383060533874e-05 0.00180099088383676 0.0649457269099002 0.00401183251380853
0.0574275671706034 -0.0124616061203628 -0.000575813968525769 -0.000364374480085252 0.0540196071838894 0.00212343689348286
0.0664240038095601 -0.0127350453654709 -0.000140912967856499 -0.000537079333621068 0.0589853482244952 -0.00125034205105558
0.0809702451093874 -0.0114293187114666 -8.98504055054293e-05 0.00064793248023991 0.0666894230512993 0.00510618283567242
0.0834921322754943 -0.0120930411346613 -5.13496542347418e-05 0.000305521745050716 0.0695246668420723 0.00406736333101605
0.0627249172778656 -0.0123101153898216 -0.000860041384256739 0.000151680696112312 0.0558900782847469 0.000655285432013512
0.0747002671494164 -0.00938443655174341 -0.000391245341256771 0.00368468574796991 0.0636499127092737 0.00214606768614309
0.0666345490999902 -0.0110798099544384 0.000233905816474314 -0.000386375798651123 0.0572531470766026 0.0019295254796342
0.0475926116400287 -0.0110081537286502 -3.92780654633547e-06 0.00223406972293419 0.051838548654455 0.00709414038593683
0.0673869367179995 -0.0120735886119649 -0.000298363363747168 -0.000370368468345709 0.0583586359410391 0.00562262238175622
0.071078183779586 -0.0132839283951381 0.000275527172442103 0.000542859668207258 0.0692909864282241 0.00580165266475306
0.0537429558989859 -0.0114326326128874 -5.50813438952809e-05 -0.000215013310278328 0.0451493886826895 0.00211845944355748
0.0869948819573358 -0.0120741106051772 3.72139122393935e-05 0.00703243659301486 0.0812762829933033 0.00883677451988315
0.0752604015022972 -0.0120806359680049 8.19334065549175e-05 0.000719265822445875 0.0664201990906726 0.00616984259728848
0.0593167348852063 -0.011395883412581 -0.000201013347876182 0.000234301377833306 0.050323049170484 0.000490208651164565
0.0653607012381277 -0.0122421384922528 -0.00029601915248942 -0.00245974457768809 0.0588112768979309 -0.00316736950156
0.0633899703783058 -0.0107929847459998 -0.00114133236664049 0.00122153026652441 0.0534217870722171 0.00343997737407468
0.0791156675788362 -0.013037225967789 0.000213218915885611 0.00107276871358484 0.0644192523428211 0.00606241309183758
0.0858559827720458 -0.0119169281952525 0.000217286232392298 -0.000624285515491611 0.0623302513494295 0.00407786492729
0.0622480638292495 -0.0142560398051766 -2.00772839909435e-06 -0.000403267348678908 0.0532576109727521 0.00254687256114125
0.0749243684783051 -0.0110704982305567 -0.000552384780383239 0.000946115625588181 0.0717421569658727 0.00255039941338116
0.0574509501645489 -0.00990531391022591 -6.29406982280863e-05 -0.000406268095351163 0.0520296612777236 0.000282475835523919
0.0806048107577236 -0.0124060646292416 0.000901184155652716 0.00704385463041 0.0683104543720833 0.00840065994320706
0.058699190347433 -0.0114696853800946 -0.000515318476941699 -0.000424023184675005 0.051729174756572 -0.000964011652908081
0.05765411220177 -0.0113166246256463 9.01606251268582e-05 2.03748622819479e-07 0.0529663964536943 0.00632761194332888
0.0554888755413714 -0.0118133954513564 -0.000570986949614909 -0.000294064157576899 0.0508975691840763 0.000331894367293585
0.0906496522961981 -0.0141535665888675 -0.000258279256922873 0.00319313088406003 0.0775922285362081 0.00195108114071761
0.088416546633751 -0.0110778858951148 0.00015837158502281 0.0030101806343134 0.0707133276868397 0.00309213779568498
0.0573445360036571 -0.0120491215648971 -0.000368331521550522 0.00337811281210902 0.0496537962737973 0.000647332163846816
0.0541505603157084 -0.0123261020050516 -1.55866679885986e-05 -0.000101626405961269 0.0513071068884343 0.00439809443275684
