"drpm" "wddp" "lddp" "gmddp" "indcrp" "longcrp"
1775.9497581529 3705.68129878648 1488.93886342184 3734.98727803243 2238.98489023265 2055.47815395557
1865.87694439474 3768.92517543658 1481.32160423072 3801.63082366756 2416.35684175117 Inf
1732.64687135132 3712.25429793742 1486.93718478092 3785.09867299717 2272.14834165956 2158.85478744515
1801.44954995061 3699.96459591172 1490.18406402007 3761.77747029535 Inf 2126.35055170363
1928.53652547806 3726.48471042208 1513.66581593852 3780.05820187406 Inf 2128.70944780258
1976.26446987575 3794.85690471616 1743.23507596117 3873.85540393049 2398.74956261838 2235.73797054062
1795.91010274774 3708.19654180116 1444.86702360076 3777.99029048225 2255.02041466414 2132.54629555283
1712.29132160315 3743.29108210477 1536.743557522 3780.34552158645 2245.26962279608 2160.00387222328
1741.84890651643 3690.80884786885 1509.74667020078 3722.15540418678 Inf 2099.86849064913
1800.66520438134 3695.22437321418 1538.87296755105 3765.38881520411 Inf 2118.12554880763
1740.71758661582 3704.96153568775 1522.89250542327 3754.63915781148 2268.74978906568 2148.88653889966
1827.73755869521 3727.8817661782 1505.72144860387 3805.57819601179 2304.67227075326 2229.48263233797
1829.56380603501 3743.04130329809 1514.61475245345 3781.93988340266 2307.85387165131 2199.59931498275
1931.63299718761 3737.89584968987 1662.25721197679 3809.82646871342 2350.73588640976 2234.23301917499
1846.78864301266 3725.94000298399 1586.06262607286 3754.87756456501 2331.13755569006 2153.49157283
1831.25671052697 3712.22109065399 1586.84770520665 3790.62631082405 2288.54322311077 1806.5556125758
1885.66943641041 3707.17693866653 1558.0236663852 3778.42013024077 2308.08077549435 2160.51945308767
1829.07630851632 3755.33999785478 1522.89942398229 3773.31559522435 2354.93672019531 2204.14400100617
1851.0055513911 3748.02111989136 1550.2150797751 3796.77733153151 2309.03817753352 Inf
1839.28436209059 3722.72950590118 1603.77993981748 3782.91907577584 Inf Inf
1829.69423782029 3743.63759613463 1420.80884741652 3791.1958984572 2328.36115833342 2186.61156540729
1857.40917839718 3764.15700385719 1671.17199346618 3800.55293619064 Inf 2244.81713042325
1691.48020604726 3709.13486157314 1382.71204405342 3756.3247166153 2267.70747574956 2109.01309422118
1966.91591040205 3763.94462484887 1684.40454273525 3788.85650070725 Inf 2106.38212635905
1815.83476608635 3698.16726544085 1640.4811381604 3782.61256870151 Inf 2147.70775110864
1780.75738041806 3715.1364644582 1577.76044146528 3748.35047855601 Inf 2141.4476078837
1758.33415875525 3679.1912228657 1455.43472081208 3729.16231565983 2267.4227552936 2106.14540471789
1903.69137805494 3732.81167610636 1621.79868432283 3781.00591783633 2308.53835123068 2011.72642142426
1849.66149548177 3739.14493725401 1572.02594803325 3781.67120638455 2298.88306292673 1929.43349446788
1964.0569231505 3727.31880712973 1649.19134892437 3801.02570302285 Inf 2174.76403740416
1882.26114340989 3777.44411909206 1608.8031056629 3863.93392551169 2393.92601580057 2311.17133408419
1846.20354197585 3697.17134244181 1520.80223585528 3753.79499734244 Inf 2103.02347644568
1854.93103005979 3756.11265127844 1572.95272377073 3786.21901724816 2297.46541738485 2121.94665145411
1777.92744420808 3719.61297729834 1448.74721027572 3761.83559229186 2286.16213940933 2123.1036391804
1869.58911474674 3745.02731281594 1632.72573665299 3780.26306204666 Inf 2202.15389250519
1843.87591108588 3773.7662240877 1539.54501730289 3814.76690403745 2416.27014453004 2246.24831415417
1784.66794965712 3718.93163958687 1628.77222681253 3795.69024067505 Inf 2121.72061498241
1749.01103393172 3691.24633430462 1464.27477245012 3728.4189825639 2227.41292941511 2128.56694375813
1890.79521704709 3744.33330726233 1504.81252658961 3822.98179970376 2324.99530155505 2201.90158216961
1907.19616822183 3735.79169980185 1579.51827631107 3794.57245279163 2297.64101988116 1892.69804329405
1758.82457383387 3734.75318810257 1583.71605539733 3790.57565000722 2315.35451452874 2165.44818075703
1758.98188724462 3719.12272454943 1545.16795755415 3815.01158559836 2309.2893131151 2180.31029081651
1798.48276461172 3696.80687313793 1495.81054512482 3760.05872033311 Inf 2120.50284536096
1795.22359060015 3705.72389452749 1518.83199139444 3754.78485160114 2289.24593341092 2108.16016412326
1983.93957848002 3777.02100295551 1629.10785734626 3809.18991250586 Inf 2268.38918348387
1838.56468035277 3721.83424728806 1578.49361833225 3742.58519271898 2274.60881859229 2186.93289391471
1840.8050862193 3719.28683221119 1538.29505804471 3783.58064767962 2332.04854960803 2150.26375841699
1940.50503043532 3683.25272365141 1460.48297703027 3727.04676700407 Inf 2078.17633757123
1866.18663621978 3720.52933129211 1563.38577457785 3791.96475892188 2287.82637605992 2131.18606268352
1711.34264496159 3672.68424447652 1470.05206457847 3702.32188858689 2155.69903267187 1960.30682461072
1825.92933462388 3690.91553112179 1531.83143154323 3745.75536335551 2201.6673932403 2111.97222278685
1909.61135456462 3741.1670210433 1620.38296325126 3758.24361200261 Inf 2201.48596243297
1746.09515081859 3682.5095786679 1511.7526001355 3729.8235686005 Inf 2082.96897629539
1745.88806570277 3747.84933402552 1503.79597878937 3781.49815829482 Inf 2200.08606499273
1749.44366709292 3726.22435119229 1531.48234602144 3762.86243756342 2276.19800204272 2132.7009103846
1918.21719595305 3768.16774441326 1646.11189493169 3817.96041889548 Inf 2203.41489845917
1851.52198741216 3742.60552075209 1510.59851719361 3798.60485837761 2355.42700450965 1858.90176269007
1807.47937041743 3798.92609199305 1487.04216742463 3802.52040881569 2397.00999936929 2215.68366694852
1808.77044778778 3722.48915334702 1556.98653379632 3786.21046578791 2313.48290056754 Inf
1840.37967842719 3755.18834816913 1527.75562596631 3796.52547908373 2362.54230939027 2205.04171542074
1792.76204115745 3659.84386878519 1450.61121289995 3695.91748080255 Inf Inf
1865.07276141283 3706.22484676809 1561.72629243988 3799.75399049699 2282.34447342123 2161.45009243908
1796.43523316285 3717.01050620198 1543.68439992478 3763.02312534933 2291.64932671404 2113.05227140283
1879.75511153606 3717.61061341775 1610.08569084341 3768.30486832175 2294.59435089115 2190.26389820673
1887.21803188048 3787.63661527164 1593.66236024044 3842.88770196145 Inf 2269.90791658945
1796.54698238793 3741.12466564187 1515.48566214349 3788.04954950163 2309.39762953354 2140.88577738628
1815.17520514019 3753.41057879193 1553.78898093833 3812.85386546447 2326.36313272461 2183.1869926884
1818.99332132012 3755.46663940125 1556.48170801352 3801.04825574622 Inf 2165.06409622307
1879.89997245919 3774.38437027956 1675.22741065892 3840.16029453829 Inf 2198.64233942585
1755.09740310668 3734.55230686105 1453.080674741 3793.6238674895 2280.7917359421 2184.00391530293
1765.86858606775 3674.28372950415 1401.73288695534 3748.48401873328 Inf 2082.34756704018
1902.68105307475 3749.89949093504 1581.98214713868 3831.72764605901 Inf 2184.12848441014
1951.72464457754 3743.68686556969 1718.16813709587 3795.47953856936 Inf 2195.46621438153
1954.09836984707 3771.04825247114 1656.10633134951 3825.14740268142 2384.6225112682 2230.57634674359
1864.74239669952 3726.49449222481 1556.4266756403 3771.02677902623 2314.73259306905 2093.42140411049
1885.08072823304 3739.11976660971 1491.54161810308 3804.20629376285 Inf 2190.61847022285
1952.81430060842 3737.92171604527 1645.9185606997 3766.46940062135 Inf 2062.14243077035
1934.31971726664 3732.02401014436 1553.77360551065 3821.580696418 2299.05910986097 2213.89110660091
1872.54357566149 3769.99206936692 1709.34806539003 3843.18034154743 Inf 2280.99941282892
1903.31759350855 3690.36440381099 1483.57914019408 3776.59841890769 2289.15034761668 2168.98346469211
1815.82624903393 3753.51267973133 1583.53301913466 3774.23248651161 2366.19567145416 2206.56561801487
1872.77209394373 3711.22258245597 1620.59714190312 3778.5442193129 2353.41272241686 2092.53038439966
1858.70618465846 3724.76284117972 1504.5768896177 3829.6822247147 Inf 2144.83719674207
1748.25873611778 3659.81296355832 1463.83623679002 3720.26789640955 2191.49128415309 2057.21997630995
1926.89698917038 3717.05781461264 1533.67923501204 3780.92213687317 Inf 2178.36513347085
1685.86751024708 3697.1233663251 1389.77575071002 3739.3141614674 2176.87881998209 1744.98296576103
1901.77432994925 3737.11555199187 1584.55953927602 3816.93874169398 2304.61345396764 2173.86276116291
1879.08290095872 3749.31104765794 1534.42310266116 3786.98183419327 Inf 2298.20612655703
1829.28153043201 3746.34302813199 1502.67403129844 3764.22099493035 Inf 2118.50377302805
1874.91936352506 3761.76458814553 1652.12746828399 3858.91294706626 2341.58461370808 2229.37930790949
1754.35735517527 3704.14019994712 1446.6966917925 3756.65955235876 2321.87251241074 2103.36825635201
1816.55552364808 3761.96224206776 1597.41559966954 3786.49695623355 Inf 2182.70703285449
1867.29864713095 3725.31529794291 1577.99890902669 3786.69297503971 2263.56804824105 2155.21233887917
1904.4557392223 3677.14911561208 1572.97430612249 3747.06979151531 Inf 2114.15629994013
1856.82025271666 3741.71024534382 1613.04717282226 3776.4243020617 2396.29735338946 2196.97055895431
1791.62973160774 3713.74885927967 1467.04370608291 3733.14289427044 2293.86816547866 2137.83719315672
1931.97175385061 3759.07195187412 1476.97275020502 3803.16824354807 2350.93937129977 2173.85436296219
1781.32718114097 3740.39392147941 1561.9733891294 3791.04150458391 Inf 2164.4366756606
1731.48266524775 3739.60848103399 1470.36673545278 3771.25086547833 2286.83926802409 2143.43166376073
1725.68788793807 3685.13912196323 1493.6088304888 3735.70051970884 2238.51072130426 2158.58345507581
