"drpm" "wddp" "lddp" "gmddp" "indcrp" "longcrp"
2166.58325650279 2814.03787341684 2798.62813006508 2875.09576606242 2270.60810174776 2249.69834611025
2167.62852302886 2852.30478868428 2669.03914944044 2921.42169030396 2303.84680255755 2273.35041343701
2158.89045246189 2789.7232107277 2737.06761591409 2872.18119317848 2269.6927976305 2232.27194414827
2077.2005293596 2775.3025128942 2762.55152176912 2854.07569978114 2217.79377025471 2213.23159024662
2213.67175041641 2823.5390000191 2786.95465766854 2921.41086504089 2301.94626133541 2281.02125414078
2107.80440204214 2730.90865062647 2637.87312736871 2808.0265420107 2206.56189543399 2174.67411097687
2141.55161009489 2831.09292179066 2760.7929037798 2904.0294288833 2279.11715674898 2278.86449778658
2184.51111792053 2787.7757150298 2751.07194597352 2864.70689024609 2262.04900143974 2241.37322228759
2133.08185229328 2802.83192030182 2758.44228071352 2881.89678384196 2258.88698482299 2226.14837882639
2229.04340800123 2865.63400373266 2641.13641127468 2943.70746683895 Inf 2317.52523697974
2201.95510491819 2839.38260333607 2707.5900259555 2914.9478205331 2317.19661751936 2276.80564310014
2196.08736213263 2789.38209501779 2725.25444946259 2874.24395687162 2228.02824615291 2240.15796933167
2159.45107894652 2822.14705879589 2732.85713419731 2881.52890134269 2299.67531037869 2228.396234373
2173.88325934257 2833.44065702793 2624.24512404404 2905.19659645592 Inf 2277.58071315113
2156.97571636588 2827.37645135772 2796.54816240648 2902.76233740717 2275.09736741169 2263.94763384241
2105.73951190403 2771.49701745716 2753.22502966614 2853.72004376061 2230.2773324038 2196.75894254233
2157.7790984526 2804.46388672005 2782.67919898184 2871.22921845726 2250.95699980284 2228.94666124881
2065.09854973654 2818.4176757084 2715.85246237348 2876.63591996088 2247.88232402186 2250.19375531989
2165.55865340123 2800.10589433901 2697.96725869882 2861.76846037643 2263.50624186607 2227.39333403954
2180.18106384568 2775.27926108686 2732.57388742973 2855.36595600405 2259.82091046092 2217.19841183318
2162.81950181371 2832.89829962876 2744.42579911768 2914.692223504 2289.77315783671 2269.07612692094
2125.0689608948 2831.59636017591 2704.52389894464 2897.30477435584 2245.31423783368 2255.65223253495
2062.16816596662 2781.84461669448 2566.17959053667 2864.88370905126 2214.39975165308 2212.57014566439
2105.45240027458 2836.25525115012 2822.95470899377 2904.49032784765 2293.83163673656 2257.43881936882
2185.70716722153 2819.04911047474 2725.57733576622 2906.94211008277 2292.56154208381 2263.1312447518
2198.45661048237 2803.22458359418 2759.85317833428 2888.16622926575 2294.97773267389 2246.81101519656
2153.14254327416 2781.04907577817 2768.41659718437 2878.66534534692 2273.72036794091 2235.88158622835
2115.60902882354 2797.02731523419 2759.22702341668 2863.29089278983 2228.75931151126 2213.56435515393
2240.32151490216 2850.00705185534 2737.40588747323 2941.14360031909 2327.03056091737 2295.79991400966
2197.15898453025 2809.24297812701 2748.93645496574 2873.88906585462 2287.23844112098 2227.42107004186
2186.61327207911 2797.51732395835 2735.88030571166 2874.43713001413 2236.30981373513 2232.08437973232
2246.66825993597 2813.39007387545 2801.63764331944 2894.84679946245 2280.96242523591 2252.06260898488
2264.45929570836 2864.08135305674 2848.1694142651 2944.35292943874 2349.2080649418 2315.57861415409
2195.59180480254 2837.22483517047 2763.84990771242 2907.91387768393 2306.19798180661 2261.25566560306
2129.13914143541 2786.49876897108 2760.20131926195 2867.49259337178 2254.88110906794 2224.99639946534
2130.45846326346 2807.16384889702 2734.99550926359 2891.71786232815 2251.46935878269 2247.4756840101
2233.77343701688 2783.45874846232 2758.60427067628 2854.27467687018 2242.77927747879 2215.44244876015
2266.16207730512 2864.69517347328 2833.43083673367 2965.87227497709 2354.57099781875 2322.26452858921
2195.0249003012 2801.74815239987 2726.76113815396 2872.96941115955 2272.16465014133 2252.51467481431
2189.23525202849 2822.55831027348 2806.52052464009 2902.82815124332 2298.7348104365 2257.66264613166
2098.50779362086 2773.2813133665 2757.38119766609 2846.50769782221 2248.92053436654 2208.55698675629
2142.68030413202 2804.85511284345 2766.83620605283 2879.35345837574 2286.61898945066 2237.99426759558
2157.91188481599 2750.99017409979 2609.65693338951 2835.2718773236 2251.38744112665 2204.83422664841
2197.19115263826 2831.99779611141 2817.1317882646 2920.30457557341 2311.82018028765 2286.81484045718
2239.7341438554 2854.26925141197 2825.33785841862 2923.66417137298 2323.48149065011 2304.78139306631
2144.40618214262 2798.3935609698 2749.84264427525 2880.67678432754 2312.96986571923 2249.56445206521
2189.19173690466 2847.19282525714 2807.68858304814 2920.71985247442 2295.62037281483 2270.79011735418
2119.33172332608 2778.40290434864 2739.87120212555 2883.27309185453 2266.44769435034 2225.79157207329
2223.40262453572 2803.52431595454 2766.36717821828 2879.99851596402 2297.80052390749 2257.07098796486
2073.10393885561 2803.63773562374 2770.45681051905 2894.33706924481 2253.06277896715 2213.5530182195
2298.5199206059 2827.56891446757 2756.0416599258 2884.54482214836 2344.28459529616 2299.23980514614
2159.22506145329 2771.14852376829 2764.2863419325 2857.62324121311 2258.2374468126 2215.09647865974
2219.18666465787 2799.29571667405 2768.14675348931 2876.56729125506 2306.07552011154 2243.85155598869
2212.02894675046 2831.33908969058 2800.54698569493 2915.24771455318 2310.60569246081 2261.27727521571
2179.19724713414 2784.16219095883 2760.06167604736 2857.88113313151 2287.61051293921 2235.68841041033
2195.66321263119 2848.10758187963 2740.42940232517 2932.09908280376 2300.04460963758 2296.37037195186
2173.16337127393 2820.67508191118 2787.65915994638 2907.5578121992 2278.16569160879 2257.610889259
2151.8866147418 2809.21188880337 2818.92794456079 2883.29162549332 2269.69818619137 2231.6029025288
2231.43311086372 2821.56310698663 2714.13935224603 2887.83631699991 2293.04479413211 2257.76363954778
2498.67170275678 2801.59489943558 2737.67488425262 2870.9975778255 2288.92531443088 2254.20909148441
2103.49353151988 2772.63657768427 2639.46140457466 2857.05987683082 2233.02317269659 2202.19695934668
2115.79865473664 2772.95988726327 2768.04698290983 2836.19543027974 2210.10836528806 2201.40610215811
2134.02151822302 2783.72406548499 2756.99645128123 2868.86460877614 2219.16524869125 2227.14496352879
2166.60015748241 2808.9107125376 2698.27497401922 2877.29337568085 2262.73741047449 2241.97268281091
2152.29530435366 2812.34481329869 2646.58690192247 2877.86285751649 2239.1381521373 2226.55986872845
2269.76109198146 2842.57186495976 2760.54621893291 2932.34956482837 2303.52156310876 2283.89105210865
2126.00627083935 2816.33435981053 2695.35497390848 2902.41116280905 2241.05259528625 2261.84549490205
2137.85700849411 2792.83008890605 2751.643525291 2872.87527346563 2278.85152896762 2278.3382242407
2143.50533005109 2790.24386615367 2753.09538187685 2876.76960880818 2246.66841005075 2245.58632017602
2132.52136345171 2777.39954288466 2728.7712962771 2841.36650491088 2244.4422128208 2210.23582407382
2185.82599441504 2848.47532271081 2787.34347568646 2929.12772548224 2313.65460507588 2284.78462848386
2138.97248138269 2770.1379426912 2708.77392929931 2849.45703936974 Inf 2198.7115142913
2168.26567203352 2818.7462237823 2727.55312986928 2881.32102240494 2275.57100219199 2253.69687769548
2204.25439920508 2807.52792303137 2774.36811578585 2872.83737823232 2284.14814373339 2247.03149355859
2110.10642560591 2783.79182288524 2761.07525001764 2863.64908173438 Inf 2222.25267609149
2133.42089533538 2807.09760106677 2685.42993064582 2885.38213317879 2238.18087748081 2245.70814102453
2102.25680829573 2780.43289436141 2732.69234249302 2864.15334039365 2218.95844794366 2217.07282372467
2147.37443589768 2812.01963657386 2695.11073426537 2870.68652009038 2255.37825621852 2247.60526942504
2215.90239630751 2773.97885940128 2735.84048582906 2867.57956913813 2271.2987763726 2217.87853945701
2282.33362142355 2859.19087914757 2795.97280063236 2936.21982826989 2356.01735570311 2312.61810354093
2153.75303631319 2797.00807921772 2695.04878508499 2878.97678583194 2281.41265451259 2225.2167903289
2115.74917045438 2769.91776145131 2742.17341720622 2871.39413467149 2228.28441492552 2252.74733547537
2211.9580639922 2815.0036491004 2768.88269763639 2883.28198887155 2305.57831219257 2254.4806421349
2187.98098483625 2818.99016841565 2784.94913249494 2911.86060902487 2287.97933205814 Inf
2097.84570019456 2803.48726005213 2741.52570866775 2865.4244962183 2234.1280664458 2199.42823497148
2203.48548509759 2807.90775378838 2766.4156748725 2889.38584153811 2297.81957849884 2245.65506293355
2157.98818662208 2814.70535762715 2699.64135004567 2878.10359041631 Inf 2246.30688729903
2211.88811079059 2848.35967989308 2816.71490180116 2922.63382991403 2321.87350350795 2294.69177049932
2172.44858245934 2806.32244051484 2744.62297926371 2888.39134511447 2300.72664494149 2244.25265810469
2214.46151913616 2805.94384082207 2761.30311555084 2860.64407925466 2269.46045826042 2237.00675316478
2254.07071137072 2835.8346169924 2738.37780634469 2929.00805355187 2292.4070998499 2288.00174742875
2083.3115622519 2753.32894047577 2723.20065182812 2842.36871901924 2205.70008128463 2203.69092031888
2276.90389121886 2804.12463395429 2746.48758910188 2883.46779397243 2263.26801280234 2230.40328732531
2114.28366307508 2780.8607745449 2721.14594336746 2861.1959632434 2220.11851948943 2204.80146371767
2195.56325628308 2842.2721137008 2842.06061628716 2925.33632520684 2337.84966880077 2281.01116481678
2133.38706050872 2819.45847057442 2798.34245438 2881.58988977564 2277.09445960355 2263.73204607602
2137.50772407245 2800.45608216112 2729.59902463024 2881.41129598779 2226.46828867716 2236.74192811371
2197.37108960318 2816.95120109315 2780.25896349504 2897.25018680538 2278.65062759222 2258.41666807176
2171.69077055389 2841.38510131122 2826.29018027094 2925.26710338414 2286.02975013343 2273.91087996935
2171.41834793874 2837.69257733835 2780.76201940608 2910.57662895366 2348.60900510654 2277.56011446943
