"drpm" "wddp" "lddp" "gmddp" "indcrp" "longcrp"
0.911372945958498 0.00887304289813829 0.00808194590428579 0.0215969340448599 0.641836513458004 0.0298361544419956
0.924600363166972 0.00171204805352305 0.0205652663676706 0.0170196556946905 0.649008807641915 0.0191728963016318
0.893981543274126 0.0115878861346267 0.0051001935744648 0.0226945841731346 0.652931496082226 0.0262039970767535
0.865095769700221 0.0010429854893236 0.0032892311434022 0.0103759825118711 0.615448820969729 0.0195227225223163
0.849181853094803 0.00720519867571709 0.00240273941634322 0.0171631947113163 0.629896570033843 0.0191548591705083
0.863850746081149 0.00256511824189201 0.00223841538820519 0.00532951259268518 0.615489157000103 0.0140583006468071
0.813446080584379 0.00968690588046369 0.00654434239964769 0.0172934396688251 0.620234919903997 0.0182720357442996
0.895187158372492 0.0088166816479417 0.00619529701273888 0.0132882116216741 0.67423099664987 0.0184830273055761
0.798851278219371 0.00248525722901818 0.00719729163987784 0.0132417087254526 0.558409494289064 0.0192517265912861
0.875887336795615 0.00273705985646847 0.00650517743104632 0.0129139463408632 0.606412621757507 0.0147451434330075
0.86970503370169 0.00623283669836461 7.95173142929446e-06 0.0164571382481398 0.58745013633614 0.02297620061111
0.887277597039076 0.00157093152607982 0.00234211966997799 0.0108427427742911 0.622493575172509 0.0123746907584805
0.882825079449294 0.00284864056403388 0.0117633779449053 0.0180783338712207 0.646704945484904 0.0224497340319722
0.775659071919464 0.00186087290438466 0.000782757673708777 0.0115766456906224 0.590540956854885 0.0139555013997666
0.889081987671413 0.00607133422021036 0.00360637674242496 0.0181661568158357 0.609769250680531 0.0167751001073338
0.786830531616894 0.00287098380429018 0.00533478667549545 0.0132621773489069 0.586111348646652 0.00846838146426257
0.899211219333183 -0.00966992015277809 -0.000603281195805327 0.0081337486106589 0.605522916333986 0.00149229177937146
0.854968838771747 -0.00466149549716379 0.00389555703849666 0.0131625268229189 0.583146866341068 0.0121483541838253
0.895292812424267 -0.00110847009363296 0.0176747668731849 0.0194151972309456 0.573706431461985 0.0249242277364213
0.850265251630939 -0.00213921377802858 0.00740322686587182 0.00935704805727132 0.595554915582963 0.0112058764680864
0.804798116229668 0.00742701058404992 0.0120991753704733 0.0155268811135729 0.641370795237643 0.0232534153362197
0.853053758480915 0.000283423215558954 0.00418674310079986 0.0142016395700064 0.663055568035456 0.0104604475813497
0.844883005207913 0.00229122826493898 0.00182346313039088 0.0186978834950179 0.62453194321493 0.016635503522568
0.87778061679429 0.00578958358066565 -0.00201755879945179 0.0115515471722901 0.618140738740771 0.0110789901432036
0.828894999857211 -0.00493033814144753 0.00233300522363262 0.0122415058066453 0.568099771383542 0.01766482982278
0.879557447648679 0.00112470047076741 0.000250780233311933 0.0216288991009126 0.649297259818291 0.0269321374357769
0.838465753451288 0.00743772952242205 0.00564206396928863 0.015746881544696 0.627493048185698 0.0195332223538747
0.889035681539419 0.0109004621289316 0.0125200719217801 0.0113901383916427 0.587370136695564 0.0194272022318179
0.865306139923287 0.00655735957842244 0.00520015448089345 0.0136126458562342 0.641090011812932 0.00919187157807641
0.813155457358662 0.000205228234758132 0.00821480790774964 0.0178831626360066 0.569687111192046 0.0211924710335662
0.89321335627393 0.00196032314474798 0.000461979255153972 0.00510022731844019 0.615139357312277 0.0102175649066696
0.8692239671844 0.00421823029802865 0.0133532419707525 0.0255941978058543 0.617013512904493 0.028256223221543
0.882404097922007 -0.000681631334293568 0.00846828973041123 0.0194049338036689 0.576849283932765 0.0228233503336881
0.85601808953788 0.00471590143111584 0.0136259079991595 0.012470191498952 0.636219405192425 0.0171948657700922
0.823497421093871 0.00269263090789774 0.000846817971820143 0.0117269999580888 0.598969947469735 0.0147024083551408
0.91498504412312 0.00489759066902987 -0.0026521144069751 0.0112967776162102 0.641583534524928 0.0132062242428211
0.864743204388216 -0.00209360857618797 0.00936434209998516 0.016024237518322 0.609336847944847 0.0143722196771212
0.873493879564267 0.00568273851349601 0.00233094894242794 0.00906888692169519 0.601034639713689 0.00983074750369104
0.900821301750339 0.00337758227621199 0.00304554376972976 0.0155791172572613 0.662721472801313 0.0181397868126613
0.875034396380042 0.0076694675298036 0.00677994911085764 0.0105027400434946 0.605963362396389 0.026110579537219
0.825278555106418 0.00304953836580804 0.0048863008247173 0.0119507401744599 0.615469243550256 0.0174744078769687
0.907696683786626 -0.000589693960497783 0.0118569552195646 0.0194343310595595 0.628192354186736 0.0246374779516462
0.941271739107435 0.00100593236199482 0.00274326773829256 0.0166563188809595 0.669565462996328 0.0255775006446944
0.905840587216529 0.00129419246659079 0.0017049091150903 0.0138556547975752 0.600397807286715 0.0165514747587259
0.779601915147458 0.00641715647686211 0.00346374423290314 0.0215446730783883 0.627370941369283 0.0245920611894148
0.860097543584045 0.00231594617193891 0.00149798839784819 0.0143483135795941 0.63054024176233 0.0209974261916262
0.902844350770665 0.00829646449418594 0.0124198954835239 0.0253503637802252 0.600568205333452 0.03229599212515
0.886267121934945 0.00579176499785861 0.0158488611086404 0.0118860025712194 0.623269046475917 0.0139557436322273
0.847463386568583 0.00231012195666911 0.00355921343630545 0.0184079526202146 0.604410211113612 0.0222704842090204
0.926863481521068 0.00133791315114926 0.0230232491563621 0.0168781640901648 0.636051545201871 0.0208815441552968
0.914776219678994 0.00245067087716128 0.00257897978326105 0.0208481364342544 0.656844838337872 0.0245357474983559
0.917864180035756 0.00746306951727011 0.00282090345303917 0.0185800381423144 0.618358016215674 0.022097183510511
0.849508294227859 0.0145956874018843 0.00754785462195251 0.0253744271031008 0.629207773658475 0.0326995783385113
0.879648805122172 0.00185387517963935 0.00512244210280814 0.0135239181565263 0.607528374457657 0.0181547358900375
0.899112346512423 0.00538111526211785 0.00913566769455504 0.0183294979961693 0.657729170512786 0.0155535703243734
0.840568493495077 0.00273954190125749 0.00836830590326362 0.0127534109580907 0.589384473503594 0.0109750913164706
0.889102996184504 0.00648711624461701 -0.000270840336951308 0.0145483511763383 0.59521054386756 0.0137490700674985
0.821167257405238 0.00362666497214394 0.000345040632798588 0.0145572016943602 0.620733259498514 0.0194414076796975
0.752697335941254 0.00187377554475259 0.0106299049420841 0.0189116335736115 0.595323820713437 0.0223958461637691
0.819698272766338 0.0031383529664077 0.0021027043632372 0.0165121613427425 0.59824299575982 0.0202207831802669
0.891403167839747 0.00690020651067488 0.00939469479244143 0.0171589083973555 0.617994463935297 0.0218130723396861
0.864170639654842 0.00326092298884327 0.00366702923058256 0.013225246044996 0.613157959772852 0.0145735446847525
0.851644759997669 -0.00393522579834082 0.00405268558869145 0.0119941389136198 0.618405207766291 0.0207337451446051
0.884208598867676 0.00523266723885576 0.0214514650116525 0.0222029027576598 0.616191798926146 0.0260531005609202
0.894514457051373 -0.0084658329126937 -9.3439664533912e-05 0.00918002468721744 0.579783399717116 0.0102916968214106
0.903570810081829 0.000662946274801292 0.00107781125623592 0.0122457513072261 0.572583911511284 0.0104768231558383
0.894724829860928 0.00953827361599287 0.0191511656190936 0.0178557679779081 0.676277526987202 0.0157838363338188
0.814616596041829 0.00337215811187984 0.000754638064588717 0.0139494100587812 0.595193014807943 0.0157813097524245
0.870284663971513 -0.000484204203887666 0.00259374150814771 0.0202052452133901 0.592660437030971 0.0223066016804887
0.838803066927134 0.00152368567393243 0.00354407197924522 0.0123381317560458 0.595969340462776 0.0170914740854492
0.910392635481897 0.00104894062119411 0.00766909033395379 0.0237299600085506 0.619065056535105 0.0270707828152581
0.862572313985069 0.00451387500826292 0.0045513449128643 0.01944022092449 0.624816872296373 0.0330645899665224
0.811073283055533 0.00353466264002425 0.0082959368440956 0.0112207149421796 0.569087338752859 0.0172442734824156
0.894284398875758 0.00339864086350474 0.008073028747857 0.0149685645071421 0.629977739382665 0.0238615227118138
0.853139029254397 0.00264595448836619 0.00711247651548781 0.0130290594320267 0.672829313772304 0.0149705050832194
0.877163836006277 0.00778807010675827 0.00704603222636013 0.0181235817865519 0.625713485269571 0.0214794823655207
0.922301736803093 0.00920067621911475 0.00392726333191609 0.021340368191981 0.68416833014293 0.0247401606713276
0.889622437874234 0.00452293194222543 0.00200897144505222 0.0207757177218535 0.577190723710645 0.0232511669676715
0.841511648195576 0.000556491472777194 0.0114132693796821 0.0205079188920291 0.642433266027871 0.0251007026514381
0.871322921593127 0.00765669413974463 0.00543020985787947 0.0200615234332991 0.626420317323355 0.0236078194955562
0.894275657681035 -0.00384042482364848 0.0004617919788297 0.013276001048798 0.640217057783801 0.017938402006532
0.898734261077647 -0.000302318151131345 5.33682380142916e-05 0.00781659946949294 0.583277826501865 0.0201596686992018
0.888665211204745 0.0144685226398493 0.00828211861956281 0.0242996716442128 0.680517069253802 0.0382125614401093
0.893013029288114 -0.00127601966911038 0.0022257388734305 0.00690131827114466 0.575096731189895 0.0140712727127382
0.887628361402331 0.00334166607561375 -0.00093175216752948 0.0122737499067595 0.624216476673411 0.0179938158188726
0.905276612474965 0.0013828129842838 0.00192092450426471 0.0179904583953879 0.644080223602828 0.0233229020620408
0.900401397143067 0.00637392078512928 0.00625952001299645 0.0182298403981015 0.649037040837137 0.0219292175584335
0.829360877023263 -0.00326689573911954 -0.00237700326819609 0.00590423553767259 0.612518132576267 0.0111398537633213
0.831654001671683 -0.00187986306943537 0.00110932783859833 0.0113434313971152 0.644813400645573 0.0169578505311247
0.85914018915462 -0.00260924544761537 -0.00282982458591675 0.00952080468725823 0.659463553210329 0.0141396173716047
0.89069154480214 0.00968019504575636 0.0176866136532824 0.0197747080725659 0.617972229936995 0.0235612926501547
0.898748255774641 0.00491178401836606 0.00259149930538134 0.022097532496916 0.629568891865675 0.0317331004657428
0.877793579074551 0.00792841181900636 0.00124461422555006 0.0196578198823734 0.630418714335474 0.0249370547020854
0.895600819443426 0.00256817618131919 0.00564944577705098 0.0169761260486498 0.666377952733844 0.0237188828115267
0.861658314677145 0.00104156720906934 6.69525494292633e-05 0.0114471431862513 0.595076630017063 0.014215314972575
0.841054887245925 0.00133722102240577 0.0121054635876189 0.011412088672313 0.591992852868495 0.0126413031737199
0.902256199011397 -0.00187478280871132 0.00208249231628993 0.0136471552076132 0.634074449495197 0.0191855879340318
0.90476938621403 0.00596970769205114 0.00362408104214391 0.0123807797818607 0.614506505340086 0.0185493679487222
0.923735817962996 0.0102380416071548 0.00866717245489492 0.0192050571022463 0.663813496295213 0.0268256276070552
0.866604201825471 0.00591502051032285 -0.00372787241256354 0.0151808323175766 0.654954873504041 0.0137689764047046
