"drpm" "wddp" "lddp" "gmddp" "indcrp" "longcrp"
0.00558518571218771 -0.0085854484296592 0.0297092381218903 NA 0.0043859483262578 0.0363056120349371
0.0111230195216154 -0.00889468458679486 0.0209643154085614 0.0160034106124302 0.00178579447269759 0.0461032923650725
-0.00537097627015361 -0.00638588221376918 0.0516858005050876 0.0339840755138396 -0.00418878931968156 0.060992397261985
0.00888258795845505 -0.00831250191218127 0.0424670764699355 0.00169245761145866 -0.000386650315622997 0.0479503656382428
0.00943679836133144 -0.00759395765993761 0.0230761546404426 0.00211042420937585 0.000676287898631335 0.0262567044731121
-0.00360172228742012 -0.00716166924592577 0.0204572015664081 0.00196606173731447 -0.00261372852519751 0.0362056509306733
0.00280423083350572 -0.00983379361125282 0.0168871283517584 0.000603608522521615 -0.000402606743407684 0.0351608004632829
-0.00930465293829203 -0.0103681138506413 0.0392281485612854 0.00871792445632616 -0.00492875671444908 0.0554672957479106
-0.00111963553899912 -0.010093586147244 0.0410806880173626 0.00341991413828396 0.000380179775949234 0.0488819987445981
-0.002466670738896 -0.00946470188973776 0.0451815894312037 -0.00120990812168111 -0.00479619615682659 0.0608903111008817
-0.0108180846118052 -0.0086122083866148 0.0456362546140224 0.00827059901686213 -0.00630023250345068 0.0521315439021815
-0.0110365800591272 -0.00894486283508167 0.0267543704754193 0.0133529157570104 -0.00514366688749912 0.0402257434218415
0.0110081907199228 -0.00619269708709782 0.0480617723662103 0.0166410926002753 0.000461426285943632 0.0548382800686966
-0.00122253819038198 -0.00831134663119108 0.0343171364508085 0.00409306992415633 0.00618418016911169 0.0572466211802396
-0.000609783474031827 -0.00954199207197928 0.0172831534762817 0.025583395292581 0.00184597496631947 0.0520046191412824
-0.00514312953051199 -0.00840289034945807 0.0316009146858694 0.00441733012242095 -0.00456388220038988 0.0388081168433323
0.00535560220937733 -0.00839184082234363 0.0310342017832632 0.00958317115808986 0.00294317392723257 0.0382878258065671
-0.000610347124144353 -0.00820887550279851 0.0448874178437558 0.00969698877444618 -0.0030766817823141 0.0537398633691019
-0.00528230640758034 -0.00804254996638053 0.0290048926118138 0.00443289221216343 0.000132136327158555 0.0504477878725655
-0.00702770413040441 -0.00852899040879297 0.0275511766747186 0.00638268119779757 -0.00284775499993559 0.0449279543299752
0.00707445628951667 -0.00674457881177684 0.0211124795407721 0.0019553438414846 0.00240555296496397 0.0409416828639026
0.00163960504272861 -0.00856436098549538 0.0259831470861997 0.00602920915229582 -0.0030221443041878 0.0317029994991829
0.00615087113590652 -0.00952526037166286 0.0406761643365116 0.0164979233499841 0.00173756072451835 0.0425874102671823
-0.00671537189746851 -0.00862975282054925 0.0245466306382021 0.0249745158731448 -0.0024560730268197 0.0419404938335786
-0.00168065497198343 -0.0102040916399424 0.0268392076655804 0.00140264983885442 -0.00139136312836237 0.0428469476595798
0.00535670469786583 -0.00835322016397823 0.0276762485616335 0.0121253208852648 0.000635257937468828 0.0329319184333459
-0.00131123908068134 -0.00967812741056393 0.0289493540889514 0.00293673954262608 -0.00397904822763276 0.0351691171720753
0.0157635914535923 -0.00876192925799686 0.0240352292483391 0.00038811497359948 0.0103081445431858 0.0392855239370443
-0.00720678283497128 -0.00892357514406666 0.0376933612999822 0.00238990028587777 -0.00135550600827047 0.0532637691264213
0.000319110657523688 -0.00929253852598602 0.0371221300238366 0.0249953000430897 -0.00425030326822486 0.0676652674013888
0.00895817949525659 -0.00871932529516825 0.0216359010581057 0.0043527858612635 -0.00142811488612433 0.0441997567784462
-0.010277338842123 -0.00505805221201704 0.0270612958117729 0.00421199812538756 -0.00408876548649828 0.0384575880582646
-0.00833672963053027 -0.00830065137454899 0.0204521423034619 0.00169404242043799 -0.0029039476218699 0.0332288892426176
0.00404896346789781 -0.0103619608129654 0.0364985613209753 0.0246807981280824 0.0031864908487612 0.0430997114469572
-0.0136217233924585 -0.0083202205937905 0.0497259714030941 0.00874172050305441 -0.00585878058228981 0.0480315647697601
-0.0075015844025883 -0.00948110507510908 0.0340046202790267 0.0168451006356309 -0.00380417353567672 0.0415949383570476
-0.00121643364871883 -0.00905688152188555 0.0141204354742212 0.00546818868506563 -0.00236298391291614 0.0193265775004496
0.000502473313941 -0.00877438534220206 0.0464829223201114 0.0321785786713629 0.00637063660610719 0.0542813534816434
-0.0105567940892296 -0.00842209910211844 0.019538364611834 0.010066643782382 -0.00654919481944299 0.0350681324338793
-0.00118978490023878 -0.0105676392333313 0.0369175722539715 0.0190260870414494 0.001941805375691 0.0374687926506288
0.0101743009404983 -0.00807065267158259 0.0243297399886025 0.00485993121683613 0.00582443937338675 0.0310787848180088
-0.000716704154996879 -0.00975183829161378 0.0582099923669829 0.00879484238472585 -0.00401298553003304 0.058768158679186
-0.00314522732510926 -0.00840113745554897 0.0387836691109086 0.0227655830500647 0.00168763365278365 0.0580883356106165
-0.00882558776626882 -0.0101775125028691 0.0522014607240961 0.0356514714199674 -0.00355525682835011 0.0534574266439256
-0.00413492247929525 -0.00865378458944317 0.0410477700100533 0.0190760877020939 -0.0031404763975772 0.0499141867303426
-0.00552012813585545 -0.00624289123468754 0.0448740362093081 0.0120781457147361 -0.00191812713894227 0.0600680673731762
0.0071456030317622 -0.00955365139326047 0.0517434795670488 0.0212227285134698 0.00328453607497381 0.0618393919421823
-0.00304858905378999 -0.00864263327434569 0.0230899214696891 0.00863383912004093 -0.00151861823918197 0.0334038376932566
-0.00650432579578018 -0.00992203290017014 0.0232187290393545 0.00414474911385992 -0.0033834402245542 0.0411898318574208
-0.00652955275324041 -0.00932118278924872 0.0367680354428081 0.0224047641495729 -0.00362251159850838 0.0484756619567148
0.00526756663510949 -0.010135547523828 0.0307912898811491 0.00565503723456145 0.000676402240892589 0.0403568110775234
0.00554329148609395 -0.0085553017585372 0.033643330166564 0.00335139024409571 0.000723891022413154 0.0435194416641972
0.00150320314542895 -0.0103913636857268 0.0380612680392103 0.0122268025435894 0.00228670826391672 0.0432251571956445
-0.0058772159090299 -0.00948925690541368 0.0307787044146028 0.0253104837957432 0.0011542684377894 0.0510196252027968
0.00944510530331663 -0.0078473265000994 0.0356748879130721 0.0170283021664624 0.00457309641902601 0.044834179752226
-0.00620107298267643 -0.00942482818191803 0.0512469846992682 0.00523446247698523 -0.00727813004702019 0.0538980891490542
-0.00341019874813954 -0.0088520791616021 0.0261004588510309 0.01410393809765 0.00229106574454854 0.0285347517897958
-0.00627694315065157 -0.00952042232462046 0.0382377251972027 0.0110435171332637 -0.00244670846845935 0.0436238462250375
0.00357378803705471 -0.00808875407243401 0.0241810359605027 0.00706849064135632 -0.00375384922931839 0.0351124996287121
0.0166330330025564 -0.00878437128815422 0.0150760585608225 0.0017096186773028 0.00314708531734483 0.0334413298180082
-0.00366263399253594 -0.00955861238977422 0.0259886448628837 0.00187055017477877 0.00127492867746964 0.045718720985373
0.00173771408512437 -0.00808311143602897 0.048256370290474 0.015765942932071 0.00282657297976065 0.0511619530170241
-0.0124749229326259 -0.00776776611039809 0.0229319430244009 0.00413840193262028 -0.00613918438078031 0.0375642355210289
-0.00880814378562409 -0.00905968902059585 0.0394090292004281 0.0145509333178661 -0.0026325636322576 0.050789046276966
0.000394459212893792 -0.00768847592862178 0.0456605426188142 0.00493186014731041 0.000510215032509248 0.051053259093163
-0.00431891737954142 -0.00910772055477182 0.0475480897602229 0.0277478163152548 -0.00274585924101022 0.0548866303834962
0.00378568062174331 -0.00930149524557391 0.0334244433760742 0.00952403588189748 -0.00331202049320343 0.0356153175986308
0.00560970947572332 -0.00996199993097916 0.0401748285137005 0.013003276701183 0.00212262905978297 0.0459774296905381
0.00942995761590234 -0.00832203173411919 0.0364534289210296 0.0218951690501308 0.00452663746346363 0.04230962441078
-0.00559174529795613 -0.00780849072396978 0.0196242406534236 0.00797849279943525 -0.00284662231572117 0.0429424064420631
-0.00703465988784516 -0.00994985601256334 0.0304167765252576 0.0174469695925017 0.00112928059401847 0.0527277997205947
-0.0106572550099189 -0.00961088742976663 0.0395722387950553 0.0238713698441456 -0.00355516093443258 0.0423814325890387
-0.0101372694202715 -0.00850065623498271 0.0366476662457589 0.0197547876496937 -0.00449088037887978 0.043076541251489
-0.00116549137792543 -0.00966306019695806 0.0385150083983548 0.0156857787083614 0.00230022641400162 0.0451825371098787
0.00511752307740275 -0.00981949661152999 0.0275116197151254 0.011549527743699 0.00316504356310981 0.0373885681343097
0.000657382703649464 -0.00932938966707213 0.0187607901330852 0.0219545714721001 0.000364596699375034 0.0405811004459047
0.00314199730466752 -0.00896341932086203 0.0320724504224983 0.0017121579658401 0.00328705026413497 0.0430736260771642
-0.0102346145195096 -0.00908859180158993 0.0230104165325505 0.0216698932576213 -0.00216535335788279 0.0449506035721194
-0.0105552579204975 -0.00870466451920494 0.0335598999284621 0.00972784961024735 -0.00459986772664062 0.038356054466678
-0.0127325908718439 -0.00891081008251534 0.0317343727474016 0.00188077879289363 -0.0053835928671226 0.0415755143705845
0.0140713147981554 -0.0100556650316481 0.0392060151357018 0.019141109273632 0.00720906750771538 0.0491786469524555
-0.00260908439676288 -0.00876951563235382 0.0180240874771477 0.00394492597747378 -0.0019859879214598 0.033966597853701
0.00843775359767174 -0.00669677897888046 0.0354838591435164 0.000892902099355214 0.00433002896209288 0.0528267198041495
-0.0030392634974549 -0.00940199900601761 0.0341252619092753 0.0223414231988409 -0.000402610325844036 0.0435836870488197
-0.00534644925602938 -0.0092305296554063 0.0430166482951919 0.00133045039778886 -0.00361229271050341 0.0517365309535339
0.0105248322888352 -0.0101263348853932 0.0441269411420546 0.00642380973513977 0.000322778329319039 0.054885859741358
-8.72244190113978e-05 -0.00891188796175122 0.0333646019754059 0.0126563749486429 0.00211475584387316 0.0405914990995715
-0.0108476385212359 -0.00961245405898239 0.0287493895047269 0.0183332731871859 -0.00304057840960893 0.0338544402024435
-0.00597279133626072 -0.00907728215249621 0.0308483006897601 0.0187153783864768 -0.000207588408551469 0.0518567279261954
-0.00164689675235861 -0.00859979207885118 0.0262710756486159 0.0167093757095687 -0.00204807711708147 0.0470890849185019
-0.0117945700690919 -0.00849404368864877 0.0375113778816198 0.00018594348077131 -0.00463504987757841 0.0401544717749943
-0.00562283570786658 -0.00945514574791241 0.0380466321315134 0.00423038116691606 -0.00083823268611045 0.0480385874600097
0.00125121181712566 -0.00812563404756486 0.0437382443249952 0.0240959469157232 0.000841165820059399 0.0529987006107176
0.00706320403779007 -0.00975354098807983 0.01994757670998 0.00371590365146829 0.00435156164547976 0.0304658508512581
0.0146534251556645 -0.00955092032842419 0.0159549837274735 0.00616948031041651 0.00677637007860702 0.0242552391361451
-0.00604062841518547 -0.0091732983153773 0.0325385902549126 0.0209280831253555 -0.00284915322527938 0.0440847164071214
-0.00279117448002212 -0.00889679638164143 0.0376423432465125 0.0223045375830541 -0.000254836260031552 0.0395328822774042
-0.00718529849982803 -0.00959096243696241 0.0179903327079154 0.00498211103890682 -0.00354523425170438 0.0351319951417747
-0.00662793012560578 -0.00826914771960221 0.0436166111011125 0.0116122294096073 -0.00168720119672313 0.0546813742092958
0.00315294754411728 -0.00962160955666824 0.0528287660292214 0.0311392274005552 -0.00146872565847084 0.0527010957296069
