"drpm" "wddp" "lddp" "gmddp" "indcrp" "longcrp"
2229.31996647124 2861.36078368409 2817.01082425479 -1474.77997824746 Inf 2313.84972789181
2280.33980287182 2908.50385121256 2680.9055659886 -1503.73945028466 2355.25988326826 2359.82415709409
2273.32500780642 2854.02832911131 2752.00359111337 -1484.61254398054 2328.84943464942 2310.22173621234
2127.85072291793 2835.44951702428 2768.2214026865 -1463.1850068344 2276.99625722643 2261.41678481806
2258.03235781233 2890.45991207005 2791.01623723864 -1497.58292926084 2368.45716580993 2341.19135788765
2235.6228365675 2803.36714034775 2659.38387059887 -1457.83970930787 Inf 2256.57248674034
2215.25593610353 2894.5096020343 2787.63228438673 -1492.79345280792 2342.38025756331 2335.64218159011
2261.77590204076 2821.99096300512 2758.8123768538 -1463.81459249161 2317.41087814037 2288.35088832755
2274.50713449352 2858.35066216271 2739.78332381697 -1485.33864302622 2324.11157093406 2295.45630227473
2330.47792482102 2917.13537442718 2605.8739750086 -1507.33227680154 2370.84859239174 2356.33316603218
2233.62642399482 2891.8065502232 2687.02965787348 -1498.64246422583 2366.01643815738 2318.80565669745
2175.79077145396 2844.69175425508 2645.8205295574 -1477.37815572318 2296.92951729618 2280.70551809669
2221.94533388886 2862.57142486525 2690.21617030221 -1477.03517145545 2339.93630970171 2288.3284643863
2176.17730696851 2881.11995731214 2686.80159748504 -1488.68069774798 2320.20671832254 2317.84539861688
2184.89238383448 2882.10179713528 2805.6213493025 -1486.00328306168 2310.45911734871 2294.02452889152
2137.84878929062 2820.24985658131 2765.18898194785 -1457.03314418283 2248.63136130332 2225.43942914176
2190.31549994999 2850.20690883892 2793.34054249992 -1477.27869242344 2330.55854701061 2289.73777278723
2264.52904502063 2865.9436182447 2766.19395091322 -1471.67199916135 2292.64866034349 2305.65895945634
2188.35971373636 2850.5975095341 2678.3779557705 -1474.97973132117 2310.66566185865 2298.02291072438
2202.47959806075 2840.2135704413 2744.76929400096 -1467.96539958847 2297.18407817112 2247.49383190578
2177.59754747809 2879.40514642462 2702.51594032959 -1489.89684623971 2308.93830493035 2307.77342201378
2239.76079560696 2877.44206836285 2739.06539559423 -1481.2478612233 2305.09683455219 2306.97245491597
2177.36921284426 2841.28493460663 2487.61643213187 -1469.12474213339 2285.03177096195 2270.16826511162
2322.12959000246 2891.44441887284 2837.93066170956 -1489.38880952096 2360.07763606228 2296.49019967282
2296.74740111559 2888.63462330486 2701.34066773696 -1497.49490865205 2326.19675438921 2342.45345452153
2207.28532531449 2855.75619011086 2780.4683694069 -1489.09839969161 2290.63092733596 2285.03692621742
2167.63149494531 2845.71461169169 2784.40794217011 -1478.42365381286 2294.97711782511 2279.32745807812
2202.63787068726 2851.09857996779 2707.94843786097 -1467.67399991603 2286.69842160081 2279.37979040256
2236.24608364433 2895.56046904971 2723.09082719319 -1497.92747487598 2382.29506618745 2342.80893520127
2234.85913531175 2871.10347514056 2792.78012901095 -1485.18875836652 2330.92283275949 2301.04560762809
2154.62463468726 2854.84139544613 2726.18414365858 -1473.19964527786 2294.08228640405 2280.70163801653
2241.40753718775 2864.81622256296 2819.18411130561 -1483.5987044171 2322.82081225205 2304.165772319
2290.37622523568 2898.6740249293 2842.70456262289 -1501.07587070909 2386.47464618937 2370.28627463538
2248.93740459148 2891.33542019235 2750.06881244844 -1497.70481646084 2354.87881835733 2344.23655831191
2136.67635101189 2808.70225092979 2763.19628405377 -1458.99829557229 2275.07563218085 2252.37261753087
2268.8555260727 2871.25217775547 2779.02559767437 -1486.64285252 2348.68764470592 2314.22054420295
2278.63131384561 2831.26025691387 2760.47649846952 -1460.47077110445 Inf 2221.73221795573
2356.97998782784 2901.34966425233 2829.55230079264 -1505.71235774608 Inf 2340.64189263187
2282.51349806261 2864.14174604483 2757.4824670548 -1475.77591183547 2344.0874130485 2303.66397111699
2237.83759724622 2869.58715050397 2816.0447811849 -1487.59567072535 2334.18575292002 2298.47533597505
2270.32569184147 2841.64680406161 2778.15579879378 -1463.72806294512 2303.47036574857 2276.49273684483
2219.63867324331 2846.96094688603 2769.00892940215 -1473.69978701213 2341.92060563997 2306.7142648349
2658.15714812991 2823.64886667363 2590.54744011133 -1456.3114324156 2290.22782312971 2273.27446303505
2230.40778817936 2879.7530366162 2814.15122432641 -1492.61679604114 2333.25866776363 2326.60462414817
2238.97665684791 2891.91749239567 2833.55861214201 -1498.66780325706 2364.39941831239 2329.58358798947
2276.95047826527 2856.06628842171 2722.57555570656 -1477.47378988948 2364.30342229593 2314.46832163591
2266.75641735305 2909.73630831338 2834.24335697004 -1506.76950595329 2373.72156962047 2348.72623779449
2283.00039630284 2853.28031069751 2724.59990482508 -1488.66007993734 2319.26617827514 2296.73137715927
2303.202554329 2853.36227412215 2750.26649723066 -1476.76658646823 2330.7912394595 2313.2118604409
2209.27535431717 2862.13401169972 2771.24254768976 -1490.44266273018 2326.1112644457 2301.70956732585
2262.47971517909 2854.09678524571 2727.00532124608 -1467.23553659226 2295.04052703339 2299.61405605986
2191.988962449 2832.13278126417 2779.85116516933 -1472.91657485869 2306.72722562424 2284.23374785627
2228.95305581829 2849.37216810158 2767.13030379834 -1471.29554432504 2320.68411369757 2290.8953440376
2301.8681929997 2883.91246054405 2807.28379363986 -1495.86362481557 Inf 2326.17127787929
2246.25643822465 2844.85089705987 2766.5374091757 -1470.07768301738 2342.81099024371 2291.73417612707
2201.52019109225 2881.80150993182 2624.08071489808 -1497.42812813375 Inf 2317.65022661458
2153.7870266561 2873.3044400492 2789.76593540653 -1493.35490228716 2308.42551549984 2298.06048476471
2199.44961514737 2863.54650783529 2826.31833531952 -1480.49226910075 Inf 2300.7851061213
2245.71764218903 2848.36302802243 2684.84068847828 -1468.07755923825 2282.19125799844 2304.02125803169
2268.29345602494 2873.65781195857 2795.77633662714 -1486.24871361605 2331.13426556357 2306.04379383236
2171.69225729318 2831.09602311013 2678.96255825468 -1468.80512595881 2245.86719411373 2246.89445657419
2153.76066491944 2828.33870474044 2797.96383153867 -1462.71379746811 2269.43687808963 2248.5208311725
2257.33442648745 2826.35348178112 2759.26570312822 -1462.63131310993 2267.41044204835 2270.23006548116
2198.72832538711 2855.83068215644 2733.79820105439 -1475.23586817129 2304.60430842105 2277.85679573364
2179.39736422515 2870.65127670346 2638.92025864102 -1480.1775539233 2308.03026519328 2304.23357183745
2418.83627783934 2928.43125223891 2786.15830011853 -1518.72607568969 2385.84658618475 2368.50579446374
2262.56981611261 2877.62156108455 2767.75553937596 -1488.56994901757 2336.08172418569 2311.53749637369
2205.94153891724 2831.5682112766 2760.92591746795 -1465.98806009418 2360.80277131082 2296.82882711549
2237.950621475 2847.2193111613 2725.89963166736 -1482.39775216523 2319.62726758912 2298.31277468207
2158.75250635511 2827.34874321473 2737.5917482426 -1460.97780009646 2329.53686633551 2285.05040395718
2269.18863969996 2904.69427471645 2747.63498816152 -1500.27515694066 2354.78528281025 2350.12480322391
2113.70135106637 2842.2915214032 2716.46892254078 -1468.43018411071 2273.43837237497 2261.35034075035
2229.90232469643 2861.825357652 2685.77251262115 -1473.57533026962 2330.685322949 2288.75569917065
2288.9308885299 2840.57878272377 2769.44986630782 -1472.45055809716 2343.82729895999 2282.34491169181
2844.7666252675 2848.72161787402 2787.27498025468 -1480.41577832454 2296.08305556232 Inf
2189.21840312831 2857.03959345861 2629.52087483538 -1480.89334997036 2281.64953810644 2303.01864416231
2098.13558923958 2839.61719190685 2730.58826906897 -1470.76442437194 2228.2321505131 2251.29639755622
2190.12625237257 2860.64340471403 2698.92523696283 -1474.01397046437 2319.41018016162 2313.51517168984
2146.12148587685 2824.33416944432 2743.40266835987 -1474.32447924714 2295.07212724698 2264.30937109268
2316.6150564529 2918.93930859691 2801.77455801985 -1507.07700636552 2401.63834152901 2366.44423540854
2199.57980275459 2856.59153535974 2715.84775522848 -1481.20053138641 2295.57160147296 2220.02840158836
2253.25900878301 2813.85144709888 2752.06957636977 -1472.04482259027 2336.05673982852 2295.34595935762
2274.43048848809 2882.81159672117 2796.83026044532 -1485.31684887391 2345.55170672489 2321.89569606496
2230.91278255655 2876.45028828568 2808.47814487422 -1498.83639264728 2367.68640136321 2334.21094328227
2212.10509614806 2859.5617358982 2696.75466893298 -1473.13614306894 2306.10270325626 2276.22257404381
2161.42662410445 2849.61017408307 2753.06770137517 -1473.15003157091 2299.42252691959 2285.82756185697
2243.11904448685 2864.12877297978 2651.80579954168 -1476.48544308619 2330.98816572563 2307.99174379115
2249.82862503655 2916.05317482986 2836.3753600288 -1506.56112553156 2368.82658074767 2349.087732807
7116.75262656845 2869.25944874076 2743.85198222959 -1487.34326682714 2379.41515418971 2308.2085969659
2237.43295398048 2842.66564063962 2756.12320041589 -1458.4154545964 2298.56408240015 2275.07176016121
2273.38257641694 2902.67005780251 2712.86296147389 -1515.02632755557 2364.09934954579 2357.30710117875
2196.75641636279 2815.39512311986 2724.0634836251 -1461.95868535687 2272.46183243833 2262.96224237406
2162.83878609123 2843.52682767314 2705.98398252027 -1473.22333766574 2266.14664182327 2268.26366730367
2222.73863006019 2860.86669416725 2735.1495416108 -1485.51400864507 2291.68254325054 2268.95361843584
2238.99812199891 2880.81591292602 2841.75961814617 -1497.3615038245 2378.73295819574 2318.54757507261
2220.37852208825 2867.90263919381 2796.81868603259 -1478.95176140113 2300.27121550277 2300.81097448785
2189.12953565678 2853.34250025351 2748.63217683137 -1486.5875523062 2290.10037517475 2295.91331827442
2190.78066617609 2885.30705843766 2755.70821198793 -1490.25132764389 2295.99947252186 2299.35567460532
2277.72517786456 2895.6072773975 2851.27900837352 -1498.31277633903 Inf 2331.91322651708
2273.63624205932 2873.24811763708 2776.42547468272 -1480.39969317707 2372.93889019935 2321.40691009294
