"drpm" "wddp" "lddp" "gmddp" "indcrp" "longcrp"
1691.88479928164 3683.71843629804 1356.0621140235 -1874.65743156823 2228.23082381643 Inf
1746.88919173699 3687.86373248467 1424.9381647639 -1892.63700977959 2234.24763321638 2072.4725412294
1739.08487157592 3696.39779617306 1480.51543891838 -1881.04220550765 2157.2794446747 2067.31843218447
1715.27729033788 3642.65685340471 1448.22090334604 -1862.68080241131 Inf 2045.5767886572
1702.70834934895 3705.45439629628 1467.36599343162 -1892.25416455524 2266.70210224524 2119.90811426034
1795.05438411212 3680.28615021258 1546.40545781443 -1882.01240836203 2216.09984983176 2079.30618364507
1728.1968004625 3671.82876499525 1595.143509307 -1880.70980282866 2221.72114236982 2108.24793655138
1817.23239034338 3709.15072161591 1483.64378200859 -1903.76305866375 Inf 2165.9941703756
1860.74165315964 3764.10884289823 1543.41769732389 -1916.33436212693 2362.73983172982 Inf
1769.62013990547 3711.17915709789 1432.49814566919 -1891.97047612669 2299.42126667654 2138.95928072299
1833.12566627773 3727.09059987258 1484.07043443955 -1897.58247703425 Inf 2168.94921453357
1873.61626628084 3722.0507621603 1570.81100400874 -1894.81225930498 Inf 2144.33250588891
1719.8700959556 3719.46360679103 1531.8755180282 -1904.47894422302 2280.50017260499 2144.20390770509
2003.5065037791 3721.22432746784 1675.65740762319 -1924.29566937431 Inf 2200.26901626705
1823.40781094059 3710.45329101223 1516.7772115011 -1890.99693678003 Inf 2116.31844531078
1947.17366211521 3766.66796423798 1628.625503939 -1916.92265018893 Inf 2229.05010189486
1839.14816520199 3774.67415764517 1570.35198888491 -1924.73292290141 2409.37199423572 2114.77372487188
1889.96819036589 3758.46406561265 1528.85252579113 -1909.50038185072 2366.65775669259 2192.38692911634
1779.69052489273 3714.30076142277 1645.0543784858 -1878.93542835814 2261.97469716046 2198.34471986611
1870.94392110516 3738.13431936599 1594.80780798609 -1904.88692535037 Inf 2207.57152477759
1808.6849528736 3714.99653536276 1573.13947234689 -1871.94205284576 2308.40186166804 2147.41042550318
1894.76671652737 3719.63419904109 1587.57158461475 -1908.32515427847 Inf 2055.44048907827
1877.73738514565 3751.83831871258 1469.14531016471 -1893.69732426786 Inf 2149.31230861529
1698.32147953365 3728.90814308599 1512.96651060775 -1893.8687798306 2263.12553767559 2143.13465830387
1922.14646198825 3745.6395097569 1571.07271162989 -1910.58136271545 2371.81959907105 2015.64786066549
1723.4966874079 3670.16703014904 1442.07836847988 -1860.66214067647 2145.17602131651 1691.41758027071
1911.14019695158 3675.69390490072 1484.59711114906 -1873.75390150496 2196.60637169121 2079.38757179782
1886.79335949605 3735.3959976966 1575.75517615174 -1908.12314211028 2377.08273048406 2026.47982192194
1821.65561486132 3774.06021482797 1556.99655470402 -1919.03090411689 2386.05812448167 2179.24466920924
1887.21635237397 3728.28522097302 1556.07653456581 -1896.60845103506 Inf 2066.46160943068
1767.82715205505 3696.42791510998 1577.1359106109 -1911.68215956674 2301.1989643601 2142.5931930657
1775.99913366746 3734.8496109314 1412.10124773723 -1891.09665186405 2323.30522993398 2150.38606874711
1942.45208539266 3750.97436546274 1635.53321954698 -1902.92198192011 2309.00700854508 1968.21385706886
1837.76688097665 3713.88170488337 1497.67181445418 -1905.3271660705 2278.91053797839 2138.27958740393
1842.67021768503 3752.08429628594 1598.29379240617 -1888.9866534939 Inf 2173.9881494247
1856.41179597421 3729.76515088949 1593.21030284575 -1905.62850012725 2302.79027549212 2152.39225216002
1741.02944516164 3686.92973678849 1606.49294575112 -1864.84179548833 2262.5997726591 2120.75238884232
1698.43240121884 3653.42580695108 1417.08939590727 -1870.93589812496 Inf 2092.07037160051
1742.99545600257 3657.50406697376 1435.17661720807 -1858.60672309491 2161.95310638856 2052.08092579885
1923.55394420588 3742.11561799671 1592.71514354768 -1909.70474980235 2399.32648641255 1872.31187248247
1819.12025689257 3756.93737491302 1556.8943881529 -1920.24380963122 2350.47800680453 2191.13310341102
1869.45413298851 3739.02528195017 1437.26297890886 -1889.56160589849 2358.51152399368 2127.72312566142
1607.4824402529 3669.16425832175 1397.82225431628 -1868.39412474458 2181.83876146608 1842.22874169641
1905.1217624688 3712.19807700832 1512.67818937366 -1886.13254036682 Inf 2143.39740174331
1733.80338167996 3663.21672493814 1482.8775575256 -1886.47054910326 2189.5130503365 2098.36680149892
1892.8247032135 3719.87745288827 1612.55698966232 -1892.19422501417 2264.08501946273 2149.57830386028
1870.40892829656 3738.41496918082 1579.8559518541 -1906.10426142946 2333.86552458693 2171.3727763199
1820.55822706025 3698.83766693383 1525.27821696081 -1879.9706246701 2273.91430564075 2089.92085782565
1657.63733937275 3653.50955013847 1485.93181043117 -1856.26919644344 2230.69331049803 2052.25971586675
1861.851325447 3697.65106628589 1549.22108798604 -1891.43995572512 Inf 2144.32268989138
1776.80694504053 3757.86514721154 1526.53520727594 -1891.87380034913 2319.4399067779 2154.93303853986
1927.42717532524 3750.38319054153 1527.13486034328 -1914.42544190994 2303.44656390545 2151.39706838437
1772.60604313749 3733.97364967272 1593.51245711352 -1907.95916897041 2298.61279989945 2027.31808602498
1856.95600078523 3745.57104386144 1571.28288211926 -1903.54282824251 2298.20709165936 2199.29679136641
1718.70001671114 3674.49521277171 1442.82117528188 -1882.44326841232 2270.47506241446 2087.18582225854
1742.99844753246 3751.60310103688 1476.70752592512 -1890.18757540645 2325.00393819551 2177.97753755621
1906.27389876626 3744.96454111149 1648.5711349504 -1919.2561716567 2326.03758314785 2186.738309696
1830.07674023872 3716.01494825885 1571.33825319082 -1889.9539502704 2287.27234804523 1977.12027062408
1864.89767050543 3761.38581532703 1599.17983759474 -1895.82027140776 Inf 2198.73764761091
1795.95579146968 3784.93654509265 1520.36679202744 -1912.66378583353 2374.06273817019 2059.59689273586
1903.89008856549 3781.70594332995 1532.03957223334 -1914.17571944495 2389.82409837411 2230.5355068463
1865.03521788588 3694.73250394441 1512.89568146995 -1887.45238112849 2323.18956298616 2148.35550061823
1874.06825203226 3721.48688992927 1563.57240891527 -1889.81807941762 Inf 2199.88352299851
1754.41806327732 3736.92019905775 1508.99398600796 -1889.64654790028 Inf 2152.41169658181
1798.60988049738 3737.58428785417 1536.36922416025 -1902.65413842553 2307.60288588778 2188.42637417675
1959.65120193529 3760.39205576701 1666.81566998564 -1912.40709164221 2426.25655694531 2245.683795743
1789.26514816005 3669.55773420475 1531.49889872859 -1874.64427802016 Inf 2094.58036617316
1792.60726399959 3701.62166256369 1536.90616127696 -1889.4193450367 Inf 2156.28696521996
1861.22542408009 3725.92270794905 1533.27911563547 -1887.70554283379 2276.49700547062 2146.14010141919
1860.90301720459 3789.57332775669 1563.37735392924 -1921.19140304888 2387.06275730231 2279.79780595371
1772.83768398991 3736.89034516304 1553.65963809176 -1894.6587958321 2350.15796815153 2158.97305356717
1840.00635411567 3703.74843465093 1510.61397700104 -1872.39874687457 2257.81899740773 2141.65833384509
1884.6303000626 3768.38625712214 1554.85921512057 -1916.96771341789 2430.10651339013 2205.38203130046
1874.64472067816 3708.03933344159 1553.45384742821 -1899.49094546226 Inf 1856.25430375641
1740.93704876319 3721.84188954322 1566.32358742389 -1901.2315556045 2264.07875711654 1844.35521796621
1838.3575793628 3661.21590595305 1505.86093714905 -1874.66257537708 Inf 2100.77568997071
1633.30490542277 3651.30774989413 1400.71744592722 -1861.4318677555 2174.60615018323 2034.75098724332
1981.52043833473 3713.23081284468 1602.38888999549 -1891.28666119313 2388.40040165125 2080.48727953248
1903.78658603636 3729.07848737055 1640.17576618667 -1908.09024181874 2310.00887489826 2192.56292821536
1764.6286396461 3663.98748878769 1540.81401428574 -1867.85487388845 2264.94959592363 2105.78964141784
1888.27752682384 3797.8084064606 1572.74390078507 -1916.69748316988 2327.50536770621 2167.58461380414
1861.54658736233 3748.57588569653 1569.78644019573 -1902.33905724855 2311.09976091441 1868.12779994196
1767.08626900205 3617.14502535061 1415.46214666991 -1857.05585189632 Inf 1664.30725856807
1872.54743800842 3732.20051000337 1609.38901943191 -1902.82628793235 Inf 2200.36291538226
1894.97117208128 3742.58504492024 1440.39534702887 -1897.20242221463 2294.99789132772 2157.44525381807
1897.52228062491 3744.2390903928 1484.73307700845 -1914.20172954897 Inf 2209.9110439558
1854.68697911349 3781.55649321572 1561.64722666381 -1926.40499342501 2350.97360348551 2222.11939885364
1899.4047586221 3734.66475130369 1574.4772751987 -1901.12996286234 2306.41734410094 2042.83434025121
1797.14947855168 3751.98418386918 1478.31077454973 -1908.76085961089 2325.56001718809 1821.69204522736
1818.80785667591 3716.23315757745 1515.33104571251 -1912.50276094611 2271.26151159052 2009.10246632277
1744.32552253579 3684.8885701009 1564.0593057257 -1870.93233721157 2230.52883659092 2091.96480882009
1722.06574127693 3729.62151464829 1532.50097581417 -1909.51951029975 2318.08689593281 Inf
1774.44302770211 3702.69638238672 1556.86475120544 -1891.95487391302 Inf 2118.75851520967
1766.98566710498 3693.93580122435 1460.85915703364 -1891.08297694869 Inf 2090.86230894184
1841.48819434681 3757.77155299836 1586.269579575 -1915.31631719939 Inf 2233.23724103271
1960.79540970692 3722.57138396543 1622.22428394112 -1912.40393257652 2338.67182424631 2155.87041049384
1835.25683662322 3707.98967046144 1707.26501986822 -1895.57202776331 2271.55309485672 2144.6206084922
1752.09990531891 3695.2389160568 1502.21819857693 -1885.11719089205 2209.87883028683 2088.0584849035
1847.38588683979 3723.34829159294 1462.90798201078 -1892.76483313745 2273.78748310472 2126.24185683359
1764.47043768254 3719.89362362983 1545.18929349704 -1907.55468407496 Inf 2131.70058691644
