"drpm" "wddp" "lddp" "gmddp" "indcrp" "longcrp"
936.568081147015 2220.62876760068 2189.35407419542 2302.33536480625 1126.84631564156 1090.32155357517
988.787746638719 2236.15560689337 2217.2315562982 2335.95053142598 Inf 1098.43563372052
885.480797697741 2235.63005802741 1998.24103922783 2335.39974615215 Inf 1112.20528038733
884.293983357215 2191.85823059083 2130.42880326736 2287.7434145606 1104.89862716013 1086.52860695098
1151.68792853536 2337.9142328277 1971.03387678493 2407.28996801621 1363.5522643941 1243.35853369367
976.239771680968 2373.35096999782 2348.90088795399 2462.5291891981 1271.10404018304 Inf
965.076624251274 2287.5062495269 2229.6101961641 2383.44601791678 1170.84773152544 1086.24019870542
1113.62797632922 2239.26193480934 2193.80280592239 2329.92482174686 1200.05963643414 1118.74762034044
1183.59083464377 2276.83376067718 2090.39288533783 2362.0359396243 1191.40034018056 1143.45399543168
1056.00473498476 2351.15307552964 2356.96371216916 2467.16751533605 Inf 1203.18696746059
1190.65004132941 2234.65443773451 2083.16690049669 2331.97673122422 1151.7687907714 1103.69735357885
991.905643479885 2394.52442584833 2237.59923627076 2487.62660955911 Inf 1257.09626210881
1202.53645660883 2414.25359876132 2320.3895133472 2509.46123672597 Inf 1303.17997384887
1105.87210180791 2302.13975018752 2220.31115654536 2403.60420128135 Inf Inf
1012.34307856008 2263.03237741747 2077.14936219353 2350.04467458118 1188.77323223609 1143.18799333201
1036.88337968846 2213.80520269314 1907.64672448512 2306.8824874133 1137.52878856316 1081.86514545153
1156.941878677 2377.53964554915 1942.53693934044 2466.71699229062 1291.98291986617 1257.66674287072
1153.7851007365 2374.45767099584 2373.0050049759 2477.92327560163 1303.65860686759 1250.21133139643
988.706002456182 2412.71758390254 2067.58343574861 2509.8308689994 Inf 1276.89762953229
1009.83526830878 2287.05550528662 1940.04811224867 2389.18040193063 1144.95316788647 1155.39086655665
944.960092331099 2301.92432638095 2241.95815622697 2382.20014789761 1295.55205030287 1168.39881164681
1057.88775996405 2344.78866530188 2122.55278733 2474.26421298723 1255.3926088415 1227.83809124854
796.88215118184 2083.76073299721 2095.82804572442 2189.01940606955 959.973689222029 978.274570861942
1066.67165119795 2316.35508165154 2196.84707322896 2406.91857328544 Inf 1190.69981643777
1068.93606567062 2542.04104785573 2026.78065461245 2636.23180453697 1438.37635507687 1410.97665347337
839.323875047247 2108.6336317956 1802.29191927381 2187.36089676041 1070.04169668966 983.930276114002
1106.03467618566 2270.699077393 1987.03998734307 2374.35486145414 1211.50067981949 1131.169586455
1140.66730983888 2313.60501392864 2097.56725882811 2396.4890714186 1212.33542426275 1165.58937806984
924.453299171855 2261.72214712246 2074.7664593806 2344.13444068037 Inf 1035.46465922888
1073.04060065381 2294.11537988422 2309.43038541357 2396.3374787851 1226.87302957539 1189.59171522464
803.554126877871 2246.23763965527 2071.78566468548 2346.08551209802 Inf 1127.87027574871
1001.30926064551 2270.74214089526 2139.63057573098 2349.46126558642 1190.80033898699 1125.67545802199
979.080916732186 2368.75336923571 2308.65389201462 2470.37484475561 1214.25467541535 1229.24038954027
997.180098876789 2360.5421423976 1958.89373714908 2453.70387473761 1258.14940818196 1213.48573400442
1089.99686410746 2388.32946291861 2106.35159615093 2468.84387640646 Inf Inf
1014.8625928793 2326.71382315948 2134.91805877893 2430.40202638774 Inf 1214.17029680951
770.062750817191 2163.71467514152 2123.82360178157 2288.0195524995 1079.11503395978 1027.24349220511
794.73689210186 2158.64130465377 2105.61273207228 2249.79319417483 1071.65987223809 1042.85952276063
854.612434685035 2286.82715872266 2247.29069344999 2369.07650227834 Inf 1137.56720907192
984.613592631792 2398.76266542257 2071.53780291317 2493.27448203999 Inf 1267.52697150705
1031.92844899515 2192.84361388977 2171.48868784486 2284.05783682379 1178.41174841297 1083.18471676226
1257.46257534247 2326.40076286837 2311.53656713512 2424.75161854819 1287.2603933486 1213.58354881868
1088.58771673046 2193.38585772116 2155.95627772282 2294.94085541124 Inf 1031.26598003011
1053.62398365349 2340.0416886214 2136.95214706492 2428.76765641859 Inf 1218.67510914135
655.249339565739 2098.86159265197 2014.73819627263 2183.59389454795 Inf 921.033057301766
1131.64880000195 2237.27953450813 1899.43541038139 2308.99211468847 1216.10948107527 1063.24832741857
1055.85581385788 2330.10277773216 2201.11746782004 2417.04560257197 1302.70109184884 1180.6996333506
924.808067021094 2133.19358193938 2079.79398367207 2209.30629687329 1080.719489476 1017.52823473958
1054.7727509283 2191.93025132051 2084.40316380775 2304.37015069642 1197.88641277782 1063.16969555027
1075.44092064979 2372.77187014021 2293.31265985421 2462.30046723597 1275.47219691171 1226.51626579365
887.08845606522 2259.00450337317 2035.55232516591 2335.09467015642 Inf 1133.59426700582
1092.03007492251 2297.68465572264 2162.95756528637 2376.59570132216 1271.83003907493 1144.66885661894
982.689049185699 2191.33884428994 2119.435897028 2272.30770187638 Inf 1058.40534674616
1158.93546368892 2365.2323827382 2253.03749972361 2456.54355998451 1283.65482472497 1225.51619346892
869.984403215657 2211.4493117344 2091.64907565884 2286.63709932004 Inf 1083.19536455899
1169.49986138148 2420.17036310006 2187.38064251269 2529.62675551563 1385.71207829097 1285.46421912649
1043.23929921773 2371.48907063548 2184.27672996318 2456.60954506886 1317.24504914229 1232.49086102346
797.518118710274 2284.04813582091 2037.1504644927 2361.76196580093 1203.16719969782 1158.06871996635
972.296273058932 2243.02720829891 2028.01617263126 2333.98066107838 1196.92020381536 1158.89875888753
1010.42434029515 2299.14877113637 2219.89885488925 2373.27920169943 1177.85737148415 1183.14457559172
942.096592254926 2269.03067752255 2254.66443991349 2373.56860709111 Inf 1139.54150367729
1003.96932374466 2348.81105813675 2164.65272743332 2435.68431348213 Inf 1237.23830450102
1012.47798885794 2348.44244718829 2246.65907663353 2450.68953098024 1291.24122847913 1237.95910488512
986.45231304154 2331.87390836313 2066.44069363267 2415.32992821359 1209.26407889338 1168.90492446621
1024.83532104953 2363.70672054349 2346.46516664284 2446.88074511495 Inf 1225.0786931159
1103.21644322519 2395.41979730493 2131.84252207753 2493.94396451452 1330.48495198168 Inf
810.212269416235 2107.87853090423 2015.21865244177 2193.17400895673 1003.77813030111 972.413918458101
1192.56939105106 2389.09566616919 2042.94681146671 2472.41322084316 Inf 1247.17951866471
1111.62445465953 2379.99675324947 2282.44449183662 2486.26188292027 1304.89317250732 1254.25049262391
1000.84875978413 2283.08860303906 2223.73226400844 2385.65859425032 1159.47189398031 1157.55859834696
1024.16074211399 2341.94499171713 2318.98553112729 2424.14094016601 1244.82478104507 1211.90526544626
848.058464558987 2189.77106358351 2143.71887183224 2270.5562516693 Inf 1020.61918588675
885.662604302709 2361.38452373589 2020.5998122671 2438.69390793072 1262.56580217192 1213.59154276167
998.909917686984 2362.51325497796 2015.28324474677 2446.50316187964 1242.87854087268 1235.27182124622
965.917264356674 2174.31453342038 1863.47858489989 2256.4451470137 1137.0851481283 1061.21437270287
876.881071139845 2152.68453392044 2015.11923682295 2231.94447195929 1032.9763577805 1022.85269197013
956.064969131231 2264.08741088954 2007.14158668116 2348.26236894772 1295.8359946145 1169.35111708601
818.531891240238 2166.40895934425 2004.72917536466 2256.63158161225 1061.9159497872 1019.94135938986
1094.38516698649 2424.8796678446 2141.12862858716 2515.90722017512 1393.25309196242 1297.4444391197
978.986854346816 2210.30135549941 2175.19284114097 2290.26939682977 Inf 1082.10352616558
952.88756682981 2274.07275519568 2071.30223363971 2350.8530940799 1257.1705932932 1155.53238262773
1038.42846789116 2446.42353935599 2389.71488613276 2531.66612533222 1351.5161677582 Inf
968.394134233561 2221.49664015556 2075.55421418914 2337.2305840521 1137.01945485362 1109.77765416783
1038.06837165254 2247.70356472412 2046.28790041726 2344.3541938907 Inf 1106.37262441878
943.385175175613 2133.70958958265 1973.54318238175 2209.87005273988 1074.24483270729 1018.62534292324
910.670723285971 2263.6776628801 2038.1450522061 2339.92580809724 Inf 1130.19768294711
889.874561400802 2175.63713210093 2177.53051122307 2268.21448864764 1115.23331813324 1052.29365766309
888.195473046744 2258.25339396432 2009.8881556103 2334.11653785032 1151.65400455336 1114.65510155026
1031.97320985191 2203.90705815259 2099.28110128809 2285.34383482827 1098.71481329701 1091.55143318549
942.80326191938 2284.53795484874 1987.32915478981 2361.74161853334 1191.15532852452 1151.83554245123
725.992212592153 2198.57896472604 1961.0972619327 2280.54055641222 Inf 1064.24300420584
892.414172739903 2075.68076382221 2061.21991298413 2157.37332623677 Inf 943.973273957125
925.466983681293 2182.81412310998 2146.1112560051 2278.43908120515 Inf 1056.13883790618
1131.3433105901 2304.22530530633 2039.93822198122 2419.95137382385 1302.31724091279 1163.94522055033
976.790361229887 2324.18447518381 2231.01275935552 2408.84139671802 1187.97766632964 1179.34744753414
1266.3520576391 2375.33773696649 2365.76798084319 2462.43287260895 1331.06420737415 1275.49792362298
939.140575820762 2292.98740906943 2281.7240272074 2402.09741645022 1224.54524873953 1189.60745022651
869.053979929968 2208.35672375752 1834.53917935585 2291.84825260803 1103.38611084858 1077.37464580407
1060.29632509256 2459.99768184252 1994.94925414373 2543.22389685623 1365.26178763529 1329.48618322316
982.405290901705 2311.58815198339 2291.41792659746 2401.12193200895 Inf 1197.61761125292
