"drpm" "wddp" "lddp" "gmddp" "indcrp" "longcrp"
2964.22554721627 5391.49167998276 1853.56350476493 5550.69254954382 4336.03482280711 4102.29788449769
3389.28458346352 5521.66260456439 1885.99687983073 5663.03769571278 4518.53472022546 4335.49344710847
2591.90995110208 5131.51558661215 1687.01243697758 5286.6738905578 4071.34219919585 3949.27796648247
3034.56267571 5182.02728724366 1821.27960663511 5243.79491369706 4117.6444904003 3776.87898353944
2686.98546012028 5201.51808775185 1748.95268825743 5364.82643822313 4108.68299407177 3989.60651804288
2869.94736017116 5255.22035608565 2093.02899923056 5385.20909841645 4057.7788813169 3941.33406037298
2966.82363763349 5310.33336703028 1982.3570302583 5481.60609186044 Inf 4124.39005286996
3006.23105691481 5476.42192108791 1902.8226971905 5596.51160540705 4353.30707944241 4277.83690855334
3521.0751865666 5667.43478558637 1698.06181474319 5787.30981570054 Inf 4495.82435173749
2916.36686328997 4982.37566445666 1803.73427056148 5054.92020355283 3953.66083774116 3786.79699680278
3471.88704396523 5545.15732228903 1848.29479397389 5671.10602401999 4458.401070066 4328.65346350272
2848.32699391984 5355.02868070409 1734.94776928445 5509.05466774187 4322.95103425009 4220.68740384012
2986.08194711496 5284.87498881329 1779.60368083244 5428.75486829325 4262.01955719539 4145.36947602602
2805.02777156401 5394.2528569402 1670.48590214646 5514.28739021117 Inf 4190.71680341605
3335.73629588016 5378.60274276999 1903.32863487824 5557.03686090533 4299.18296287047 3969.18605155789
3032.71915312879 5376.67341443577 1777.03007392665 5541.92976521353 Inf 4213.02831229201
2585.51319614083 5128.96216608029 1715.62222406418 5238.06988619772 3960.50310992343 3893.84823245645
3092.67903891055 5281.77832614316 1812.53085252897 5401.75766472897 Inf 4077.71792569712
3196.14753040403 5262.52615180873 1917.44493690667 5384.50315715628 4095.67042256833 4056.50101345312
2997.62794750225 5121.61031317083 1952.65041043326 5294.10490432904 4088.30700336579 3920.20573732525
2627.89779170644 5194.15434248133 1994.6225299753 5300.35619638571 4102.3957185832 4010.68664726596
3086.31816068557 5378.40878362856 1738.30868074764 5494.20350237546 4259.47043924283 4170.27738863598
3148.98440722644 5309.00548980227 1819.07828236715 5414.26856704334 4562.56924656298 4085.87214218813
2990.1448432423 5270.01813542499 1777.12688826129 5424.79239233363 4165.13966790329 4084.39981921985
2944.75754318163 5399.25731578986 1825.67448038886 5582.71124621312 4354.32143184975 4280.90398625475
3063.04756142668 5419.86471892016 1889.99497322726 5593.00175284723 4417.98801704239 4215.33720938391
3144.77736167433 5362.95196413678 1772.25082820271 5525.34645272304 4327.59931083055 4176.1724932706
2954.58658766556 5388.25007278881 1822.67252965021 5532.57307575286 4378.90029441028 4223.51414774648
2715.7307473398 5068.80119190463 1686.17545837958 5219.03343681962 4042.40838740139 3914.07120052003
2737.92632553289 5352.27526480093 1827.55359018872 5502.68441587382 4180.00519856075 4134.38002864778
3206.0214598569 5437.44503555453 1734.16750919108 5552.0675299869 4268.4026449892 4102.34517783112
3333.82360536954 5351.21209930296 1758.62812922882 5486.83465108713 4468.20773505154 4122.88356823421
2864.75510417036 5173.21505577057 1835.39551095452 5347.46555714854 4073.3901862538 3936.25048704907
3227.5752994012 5502.99757885165 1704.12265810777 5616.20833855417 4530.20973311925 4258.32981198818
3182.66969321677 5458.04924035694 1784.60922116067 5593.97394613902 4408.12981562529 4187.13285583668
3062.47508556831 5420.62469734812 1794.36578919512 5581.65859635925 4356.97792740882 4165.29766742903
3333.40771568573 5441.11928191424 1771.81228119473 5595.56452796502 4406.19752067696 4115.56045399561
2974.25709747162 5316.41778977951 1672.5354310218 5475.55593626351 4249.87760977909 4134.69683552726
2523.92660691049 5232.7937264622 1755.97856484823 5318.05356870343 Inf 3973.84239898147
2991.90678805131 5352.01709101669 1617.87882121131 5536.11106381697 Inf 4116.61724532563
3288.76049188217 5379.90762410115 1833.46490556723 5468.94132361614 4187.8997820259 4075.26332422329
3096.94869111233 5334.61190696801 1694.63342724823 5479.78974532369 4227.14515427877 4068.81960890505
2599.7531336439 5041.1043389068 2120.75281594197 5171.81342519832 3980.10510440258 3828.23672558398
2899.70020353304 5345.68912774855 1938.74887334622 5482.57414049649 4219.23155451896 4155.48495632427
3200.09997552735 5485.6853942054 1881.27396491132 5645.93702172155 4409.36967819738 4281.79098872776
3062.14045941988 5348.53199516506 1942.708489228 5431.20128811625 4369.16943902086 4126.11270095016
3547.34989648851 5421.96038848873 1835.24750567303 5597.66938567266 4369.2018213821 4230.02319513151
2915.63619722351 5187.69150269926 1837.1469080963 5314.16102420003 3988.99765302904 3850.73561829687
3271.9802386746 5434.84082219782 1766.94460394555 5594.01167039949 4372.54269072134 4243.77808221193
3322.26314008614 5636.78767212354 1791.16823111026 5794.05656301984 4584.41744637251 4441.92341915936
2775.93439670137 5405.09274075264 1945.28456393438 5565.52555570428 Inf Inf
2482.81685686679 5031.03669884507 1883.63336163634 5170.99524054 3955.80775187065 3855.72660598621
3468.03076630807 5322.36835588443 1796.04799066666 5465.26447428988 4262.43450416994 4139.45684160622
3241.49951694796 5354.08417463396 1692.16132051964 5482.59461727678 4225.27077911559 4058.22805201136
2835.30930147624 5331.68194707399 1921.1236360632 5493.68136376454 4198.74729242254 4102.29952930252
2917.08663128192 5396.87804801164 1774.53322466771 5537.53808326151 4228.292938998 4136.68634375489
3380.28800369188 5480.46982129324 1920.37497970359 5670.11242488348 4528.9514041294 4352.28741361523
2962.80076376237 5452.67606050016 1623.66158171418 5587.13642869126 Inf 4242.03207466921
3647.28965479595 5616.43949333602 1809.8280654146 5779.06882378101 4776.33012379707 4411.15902111126
3158.89632977031 5410.20042371694 1764.25325998006 5574.06338492682 4361.56514637119 4209.86722332026
3297.34799782435 5354.18452826061 1789.56728491299 5422.29713862778 4263.53814673755 4063.34224768108
2899.96674108674 5535.65027889433 1906.53705808821 5694.26760089587 4440.14685595346 4326.531456813
3108.42056949441 5284.8409664907 1965.94874934141 5386.63704124702 Inf 4039.16725793823
3489.53967592548 5617.14743400161 1712.78043698813 5722.21989428583 4462.32269390542 4199.74258847756
2655.35480302694 5287.44399973873 1866.70746600369 5444.4946317764 4158.12573383924 4095.47028041984
3307.03433410983 5509.06445293703 1743.02626757496 5658.87604225095 4388.96028508498 4324.43323089624
3176.56104769979 5257.33968870246 1764.44493539105 5402.05501331981 Inf 4097.61895876489
3037.83056083922 5461.49983310925 1765.69444088601 5601.13688852057 4307.64388197373 4178.90991577857
2991.14581795435 5472.56139122953 1880.14961022714 5629.8357318282 4316.80315256525 4253.89774195041
2789.46424009037 5070.5470384396 1717.34217525386 5215.9440920187 4071.24366310405 3868.83500271792
3450.66908427605 5391.93054818333 1786.91547887598 5518.70216031631 4394.14677706126 4179.69925191133
3158.94569573016 5308.79804796397 1785.48427511196 5456.85266294045 4231.72523967289 4038.48222294343
2941.10465207607 5389.6298228401 1738.01504794183 5460.45633323406 4511.16794246433 3859.2162029489
3382.76573777132 5432.73946454289 1757.7909529745 5548.85694926915 4420.16110369138 4100.48311283572
3174.31985846627 5386.86619558564 1751.19373860536 5530.62815722338 Inf 4184.62109825307
2629.65705257731 5203.63633187768 1848.97035533198 5347.54688917879 4055.49020183956 3985.38786495733
3081.71178379432 5403.85451439677 1801.90202603728 5570.18635748148 4336.68752223133 4246.41132485375
3019.53557994101 5509.93610036027 1795.00087616046 5662.88139956341 4435.58003998474 4306.71139788022
2873.50520457801 5132.9885243052 1784.52783768346 5297.24891720267 4117.60857325905 3981.3674453491
3168.33294416796 5321.26132076468 1738.30657513718 5446.08770453117 4521.37260062548 4073.12931942117
3151.01319130151 5082.94330477938 1984.44091161941 5197.84543925158 4096.74773020062 3819.79854966862
2858.0828868486 5362.89047878236 1688.03121717991 5518.18051309565 Inf 4080.23134837692
3447.55096181827 5421.91281680763 1651.20041998965 5594.34615785505 Inf 4192.97171072462
3461.73393529227 5324.13091792631 1816.10895964146 5485.58288200082 4266.39966003045 4063.39181135648
3517.5146725251 5568.27318428525 1918.84883915279 5695.97572558834 4441.76212002359 4348.02567413203
2837.38610057717 5356.34635064873 1739.41578344322 5498.09728198633 Inf 4148.25825175241
2868.14339466602 5443.8701114602 1776.57700399073 5569.55646977729 4317.11508022833 4192.8937899422
3096.79363824523 5416.02037634488 1920.02896015115 5545.75594968787 4396.12936797176 4229.55892759934
3251.6191884422 5392.13058273207 1746.72839628326 5534.56627620516 4360.89343329903 4144.78752982756
2950.92905740106 5524.37909475371 1779.22036573332 5681.51094629226 4420.01829096053 4317.87661511029
2931.76562704581 5342.85793218652 1801.64612743119 5476.37965130357 4285.31695448645 4178.23322444027
2670.20550998897 5080.75361935698 2016.10130557227 5192.86336245894 4052.05279751166 3941.25576275043
3352.75432001435 5498.76319939096 1821.12356049702 5647.78960454054 4487.48521766824 4262.39516713564
2811.97326508029 5342.69839557219 1788.94169348129 5487.49320420386 4227.4087627785 4158.44915196356
3143.71377161991 5413.88084270907 1768.29961313641 5552.95150929302 4367.19642177199 4257.51499893918
3617.01857726464 5619.44841796923 1841.30712710489 5792.29132380076 4509.74499903893 4388.96634972201
2811.92664445458 5232.45037814696 1716.34125401047 5373.60815900256 4160.05243700049 4029.51775980403
3007.04946597337 5336.63178421431 1659.3564259058 5506.1786355702 4256.0743959595 4157.76574157257
3302.93218801729 5495.93373259941 1695.28532857988 5662.42668852877 4319.35751198507 4191.85587578819
3300.05538235633 5364.35733127362 1979.87033040703 5512.00161046616 4238.9000252308 4179.04411965047
