"drpm" "wddp" "lddp" "gmddp" "indcrp" "longcrp"
1477.37170522616 2153.78452805631 1527.27010732896 -1077.85895993033 1561.66982495429 1542.10057627062
1502.93587617672 2172.91847395105 1401.97176547839 -1089.35687531836 1595.34565019388 1560.96775033697
1486.39407618525 2168.46651517186 1498.62294759505 -1091.96677824006 1510.5712841776 1529.59094133215
1500.28911497575 2132.64385504354 1420.66941890507 -1073.96054773448 1525.68338677395 1515.5399385107
1536.44679667073 2136.52706367894 1448.92606653335 -1072.31115391157 1547.07666338124 1528.98371057097
1580.07888276755 2212.71699869137 1578.03429730781 -1107.06608840271 1601.16714682819 1592.03337289936
1542.20551273517 2143.2484853016 1394.60194569709 -1089.52695576333 1580.72133162818 1570.49453843495
1486.82546670439 2171.14495577721 1441.23532480587 -1085.71628590843 1534.89965634591 1577.14325837443
1529.01395200503 2137.89033865317 1541.18497912061 -1073.36147416932 1529.68041913098 1502.1842208717
1527.31667804031 2141.25936303571 1414.49470340102 -1087.41152905456 1552.24215598428 1526.97306996937
1532.7842717674 2131.97349562587 1476.24069060326 -1086.88375074997 1583.83497301743 1559.65329019692
1565.88779749981 2130.76352215052 1429.16892723109 -1066.11709453909 1550.7161811691 1542.63971421539
1558.55596082483 2147.54633826959 1421.20322387607 -1073.57815297628 Inf 1558.01121509481
1522.73287412232 2130.14220891239 1473.58897259958 -1068.03601420952 1545.93873901571 1512.13153673807
1468.78170027731 2127.58450903508 1527.71077187981 -1083.00526797076 1557.72501831598 1537.26704355974
1538.14638428952 2178.55096534925 1335.81694868833 -1090.11773379455 1548.48580628631 1532.63954840419
1470.61033926993 2159.82153330577 1490.35369269813 -1082.48162791335 1570.15730986239 Inf
1591.11763966276 2163.40781542517 1510.53827838607 -1081.25457566307 1587.13440515588 1570.69877059175
1519.33257266582 2178.30619317114 1510.46178248713 -1100.72227528423 1560.85874032485 1548.77528273784
1551.19892545697 2138.92625495713 1504.827581882 -1081.19364773277 1558.37389459747 1549.73802727294
1525.68579152252 2170.12565350269 1490.32509655685 -1094.74233868761 1589.03039551871 1577.98983494293
1611.03228867814 2149.2160493182 1576.52363577807 -1089.27691658282 1564.53000563907 1577.85509553043
1456.0972381227 2150.01339454588 1419.26385488429 -1085.62509324988 1516.49260143734 1513.64955300168
1618.63461341347 2122.33919742517 1414.41605274622 -1074.18084497523 1565.55687427801 1561.51346260813
1534.38362058647 2153.89492703208 1472.60330294826 -1095.86647753649 1575.96615862628 1560.89502073391
1441.010899327 2134.69700536648 1458.55488930454 -1072.21123404976 Inf 1500.39355364793
1506.36292942333 2128.85418213381 1361.13389087941 -1067.44448250192 1570.75062174144 1553.54009046507
1544.43703305592 2179.38458849397 1484.39318013377 -1088.70666448257 1569.58515544346 1550.42074387126
1574.50998181239 2138.16251759587 1474.11912261509 -1074.77352771738 1550.97879968468 1540.55162805626
1488.67120250412 2138.15214959954 1470.12323990234 -1076.18229542116 1510.34325358737 1539.61241383967
1576.36490662786 2186.41892715907 1413.98722113394 -1112.39552551336 1612.12455665011 1588.07261150523
1436.88820032709 2132.73864273746 1376.73851754718 -1069.77988754522 1537.06410456498 1519.41935747676
1496.44761915998 2136.50786275521 1507.83421981784 -1079.75966077554 1558.07866501514 1552.39964856151
1461.78699524225 2159.80730663413 1468.52057499328 -1081.90620429139 1562.48653440513 1557.93464399473
1564.58700345324 2130.84279242509 1424.07548730255 -1067.33790862978 1536.47170759324 1543.23274844983
1592.49020637692 2153.60617811109 1454.99407580573 -1086.41744607711 1581.63275381146 1558.6629700351
1475.03182899984 2160.68300801751 1515.68199759211 -1095.93264521025 Inf 1553.48938214972
1477.76525406736 2119.88528321829 1419.66142299648 -1062.80998259715 Inf 1464.41203561462
1494.73915339585 2139.01730332222 1488.83792702889 -1073.46243282423 1565.93519782464 1554.03306963817
1641.85441963426 2181.10734865356 1541.18855904462 -1103.37613146048 1606.43871748433 1598.56590867288
1559.45919557331 2179.17767829945 1480.28589304137 -1105.02194518401 1560.44677248858 1567.29013951052
1508.17728197709 2165.8946364998 1519.61976280294 -1103.08715852625 1573.70111866556 1555.60729761881
1494.10001930522 2140.48285698732 1471.40801135808 -1071.27475331604 Inf 1546.56528754888
1542.56206568208 2141.42116735867 1421.72019456182 -1084.56820692836 1542.62992858439 1539.97386384498
1588.01751707981 2205.05379448952 1449.79990695671 -1101.23162325022 1603.28170718365 1582.64113589125
1571.52603726322 2167.90734219676 1506.65469296727 -1082.41573918238 1573.34510491848 1578.36681056705
1512.67442710582 2142.59321538143 1509.81805828574 -1085.03104544886 Inf 1515.16185180504
1535.96582319653 2104.41306592371 1399.58527572155 -1067.35864000793 1542.29138009651 1536.41795849899
1489.2462144179 2159.55786785155 1416.97048186179 -1089.28908212485 1564.41220293013 1547.08580341596
1424.99889920342 2111.43732129916 1332.36402433825 -1060.1274395931 Inf 1491.57980500362
1510.85889881671 2145.48051649843 1448.49260815267 -1092.50810516269 Inf 1543.79290884753
1627.93368690665 2152.02139812525 1534.65856012619 -1081.99246614774 1622.59525735537 1588.41997884717
1469.55577183321 2131.57255052142 1354.08960634767 -1075.95887510198 Inf 1530.47545162061
1517.38921070875 2177.15740701802 1415.75430388263 -1094.22283752053 1567.09714839614 1567.02248315744
1496.67374768233 2127.04736411882 1474.10871347383 -1075.82340561809 1530.70758835812 1514.40794189548
1522.1672933491 2130.5462137231 1505.02615855321 -1080.59382730036 1563.73113200332 1528.65403104678
1515.83898931707 2149.93993006763 1541.22843679421 -1088.54851050271 Inf 1545.7880526384
1513.61289422848 2174.65880638553 1459.56213400931 -1088.46608625545 Inf 1549.47540575609
1524.7276727094 2149.77932104703 1481.51877065251 -1084.45982874972 1530.06757795717 1546.43117887025
1588.14482297464 2160.16273587989 1516.98733263488 -1093.22110016675 1603.46461221026 1568.44888044922
1445.74638334754 2093.78511234295 1436.33179759276 -1062.79247009018 1530.3044400892 1515.17877057603
1489.50394763624 2105.49979691626 1421.26674671146 -1071.45499023993 1515.60078376506 1499.30608274389
1482.76836871148 2163.32681109322 1410.76768018675 -1090.79642134351 1548.93668387567 1527.65236208246
1546.01272083392 2133.12981235245 1406.01406009329 -1084.28315463066 1542.73326845883 1545.00713736387
1568.54308897372 2184.90855248173 1500.13348510288 -1098.90641470094 Inf 1589.10318058925
1542.09502212611 2133.83280212643 1456.34934975968 -1080.9825877209 1562.10286185848 1541.16849838781
1545.58333540234 2164.86622173036 1416.47020696704 -1080.16355652065 1561.20559391975 1561.90137103626
1502.17731058009 2192.47266796161 1447.46225485176 -1082.70560462374 1572.75628620967 1565.01854243496
1555.29640078373 2169.61821695703 1503.49801632812 -1122.8697968579 1573.9454324548 1600.35516671668
1518.95026172571 2115.51827198606 1405.73137668151 -1061.94498765414 1514.94372823917 1525.08132087016
1451.67106579955 2109.25104401665 1421.0359852176 -1068.12441437162 1535.52242321553 1511.4943146253
1554.9975526385 2121.82455697236 1445.03217087751 -1070.5042903923 1515.26734652127 1498.54584693489
1510.88509377855 2156.36524237763 1507.24600232826 -1084.67354129742 1548.03156392998 1525.3346146365
1426.01387414611 2141.61417259206 1455.83156671498 -1075.99388178405 1547.74069191888 1536.57514978328
1620.09178626042 2140.64637789776 1516.67386993405 -1075.27401862745 1540.10735389063 1540.20354561396
1496.64571155644 2150.6638354084 1446.04538872308 -1091.98665495178 1563.21127298193 1526.38078156974
1519.89961477563 2147.56185996886 1478.86055454613 -1066.02744258631 1555.61028323475 1554.61571275921
1524.44335278058 2173.86842935697 1521.42995563 -1099.13937193366 1536.52754956314 1531.29762490337
1526.8508198242 2129.10918333674 1394.75428114575 -1082.74377363836 Inf 1519.03525777192
1454.29778552612 2090.04695829928 1396.98621431796 -1051.60451905814 1502.39482387554 1486.49258131615
1529.36848747403 2180.58695355441 1491.59251154495 -1100.75019839328 1570.86536540573 1580.13865032636
1408.97745001092 2113.14347093254 1458.00326959134 -1065.09809243837 Inf 1532.18149942247
1513.85093896074 2170.38453518754 1371.5255114765 -1083.62795380876 Inf 1557.49193267935
1499.18512042886 2136.05493456592 1388.11851557501 -1071.06478974891 1551.39418268943 1531.65717045554
1528.62201523176 2158.43166486769 1425.9595248956 -1076.84622615321 1531.6363146558 1515.92535848205
1484.45034796558 2156.6495039661 1389.85222916223 -1080.64648094041 1551.81120295956 1533.11451458329
1532.70448438065 2144.50855750137 1474.33031166952 -1091.13734756061 1611.14584065111 1574.01417226608
1595.69192210697 2126.2380550011 1536.72616533451 -1080.0875690996 1603.85107932707 1560.96223731873
1508.64293263898 2135.77998095379 1424.25969738726 -1062.9433471539 1538.50813160223 1517.46948006324
1575.97334939682 2141.1907385416 1449.10687396566 -1075.09921726705 1563.48691621469 1548.98430673671
1482.06500329343 2132.20440801898 1447.82365031055 -1061.47763334377 1525.56137496014 1518.27888112792
1545.91997254631 2156.0391404866 1530.60185483129 -1093.12473846867 1548.34028073209 1583.81087112678
1513.37927150846 2153.85246144313 1443.7981020193 -1085.25156504701 1539.60963467511 1555.27218946806
1482.44167565605 2106.76020562556 1481.08651979407 -1065.25996984241 1494.80744383894 1476.95794284404
1524.57038105184 2103.41660440123 1442.53178936263 -1052.79498876676 1522.40561888242 1518.28518016551
1488.76952158292 2118.59367844569 1464.9774485098 -1065.23294939118 1556.58430074249 1534.84812251011
1523.93710988987 2152.85370030148 1458.89538421364 -1079.29844706911 1593.15319939362 1569.05561308958
1580.34678452712 2177.9714950367 1425.1597048126 -1103.12208124106 1595.25119847942 1581.09785244552
1502.63781259695 2141.26970931164 1380.52617305692 -1067.00203670259 Inf 1526.79372892697
1423.88437431792 2126.56027801811 1415.76149209449 -1064.61320758977 1486.83152172534 1445.17324970188
