"drpm" "wddp" "lddp" "gmddp" "indcrp" "longcrp"
115.873713006041 1476.65096569009 1478.2815199187 1565.75234544313 361.45143196119 346.857532307309
171.486506796687 1433.1766958602 1434.29327978459 1511.68398455548 385.683739660103 288.888689814631
171.819014205084 1469.24633107146 1463.70560824583 1547.84596978774 377.083526043602 357.000145348895
192.663041879345 1390.75661117162 1407.48084817135 1486.83413277709 348.595535345453 260.153577193592
145.37884561746 1434.62216656752 1436.37634635528 1512.85188255476 Inf 299.841889764207
132.124431224382 1494.55936694219 1485.42935693079 1573.04850631877 400.348503587553 352.676685168183
67.1586768162573 1448.52217595183 1446.31763111078 1516.13672004534 Inf 291.770164728817
241.534621869058 1438.57056882293 1436.67718946751 1523.23210569963 291.188885722825 286.200624342564
159.651036718069 1474.80853909282 1486.9002109341 1559.88338859116 433.389300331565 360.520671170907
1062.43987425956 1420.00384935584 1421.32648596343 1488.96351012873 329.689501024985 298.257407718463
252.532181408074 1468.94411447764 1473.1894595251 1538.91354067884 408.027160407892 346.463168921909
267.38447289481 1510.39810627767 1498.82744417093 1583.3646537387 460.743362689751 402.074721373696
62.7070878026725 1443.87833712204 1432.33042310947 1542.21684268915 Inf 336.879506697925
266.78405006829 1566.83105559514 1581.75116449514 1655.8808269718 422.558503545419 451.0571648008
1087.78224448959 1474.07811897014 1461.06265010284 1540.44873124321 315.528697604244 297.280225619412
276.112319969994 1556.62229126084 1586.18629875116 1662.09861746824 Inf 450.697408780579
77.0323052938464 1456.56359873262 1469.70870532587 1537.80619570506 363.051516685013 336.06729457757
402.649250846915 1503.99996979556 1493.55757402193 1578.02973000894 380.883392873069 368.810507902354
398.046814201912 1507.33789775281 1500.20983906921 1589.32620121834 Inf 360.24719567563
266.074706330557 1513.49673320367 1509.4857900917 1599.48693513922 416.305379723597 403.529592752746
50.2954795015971 1463.34082899801 1464.39445193997 1537.88243023923 Inf 299.150238054546
320.05146608937 1517.45474966401 1527.85442567571 1612.1488087813 Inf 403.633472744023
180.80158384216 1414.8564542961 1433.00604291006 1511.31511034884 369.076664246321 294.311145273322
139.057545474058 1497.09678908972 1500.3360379739 1581.81951147081 Inf 368.141367677078
236.001743103244 1470.36216969228 1484.59955774339 1575.83286788109 410.725590306803 333.613106755933
-19.3236700984393 1407.28273913563 1422.98817311357 1484.87617829846 340.820785617828 267.441361349476
1659.54974065164 1500.11765823003 1507.07117133869 1590.56832511599 381.397637649092 374.908684956137
184.261011049065 1487.40177936552 1493.25243463086 1573.19032276303 378.77882582608 373.117768417014
7549.96905284836 1487.92747005407 1496.71778109269 1569.22665751047 350.19095491811 351.539930632575
274.805139402091 1523.9974044802 1539.33401138945 1609.25309792452 448.267212506618 418.265922241891
148.919607991113 1440.65295685638 1446.58713654036 1542.97609674241 358.297224036509 293.755988878269
107.224980107957 1483.90617729245 1492.79756507463 1596.19012437481 394.642416055087 357.668815591947
128.265543008361 1501.002745053 1496.78291804579 1569.85434689629 322.691949745902 362.852760166148
178.50523344752 1461.74080415548 1467.67315036821 1535.64513111206 Inf 341.98852860183
161.829553583403 1555.4795261975 1570.80717165365 1643.50000333133 Inf 459.034941673002
66.2084437797002 1528.06273894483 1530.5376072194 1612.51675459863 Inf 373.366549605097
93.1633910094623 1442.34486330118 1445.03505456328 1512.58028472466 333.968329539148 291.266111059497
151.839702683996 1421.59043801394 1422.66751452691 1507.31797483424 335.417403349282 296.2051531905
61.3244694079015 1386.52032343168 1397.04536600445 1469.53036658419 284.724115410608 251.922015597153
216.770350133312 1508.90949578612 1516.74384626994 1599.56718079822 468.362318839746 395.763273914624
279.848375504067 1505.5546377403 1511.86504370352 1590.96370732661 Inf 398.242267557372
142.564668031863 1473.05505586835 1464.30513886572 1544.90832231744 388.138980257987 364.86599471642
10.2221092335619 1335.63113186241 1336.47210584343 1427.94801256749 Inf 204.352083332353
328.221160569488 1493.70587608286 1481.79747618122 1574.0615724431 379.247957873703 364.319934981714
0.2691293363811 1374.10542228805 1368.12909490387 1462.77712577079 219.373575382075 252.878402740439
212.55575201154 1495.97351873053 1505.31812803128 1571.25160466011 Inf 395.4158301062
317.110254239563 1520.29115273482 1542.29363685836 1614.06885144121 470.664673530267 412.087157223855
84.5503280626409 1488.20218379593 1491.45099798308 1563.22395619288 Inf 351.495164419858
196.273822638174 1416.00308236598 1431.50380043664 1523.13212334055 364.994875301663 273.474280202312
307.563585002192 1504.03698898334 1511.17079615332 1579.17696755828 403.238298534379 379.324725068264
187.375694444716 1466.99949648054 1473.94980956542 1542.06201270568 423.158097911849 344.284351509903
246.982771311006 1494.2313456333 1488.93053190096 1577.48190952261 Inf 367.491902181169
206.042943189685 1425.98314315222 1423.64992202863 1508.51924976256 362.286370383587 296.907943795576
242.310677959058 1501.96963757804 1515.56447192369 1586.65011664703 415.403399864778 399.168739628667
136.309742974303 1424.61734519286 1456.62869588862 1533.49964114398 Inf 325.156641425537
133.009148953831 1465.11363618191 1464.27255324856 1555.47242226248 312.742102620357 339.345849870568
185.449865254491 1530.50226999368 1522.95412523239 1609.96844776407 436.391950848649 396.615102320019
142.65257883639 1405.67610885364 1376.8537927399 1487.03138155174 294.957282745263 248.837656996273
340.816414029598 1465.11751013166 1460.45757421633 1547.66259832416 351.966447301726 334.575443721501
178.760807323029 1528.84288884127 1532.6712085575 1600.40847658244 430.974495243176 336.279532707881
226.846781490804 1449.70422891056 1467.56234431979 1538.51134703231 413.690145684691 323.044126558048
328.616314307 1474.75606135973 1487.99662681769 1556.67221015012 393.516499606064 332.751449827505
168.710945828848 1524.87746819693 1522.88723652288 1602.48886510572 444.123375779448 357.787042491722
41.2147152393461 1447.12496966634 1463.65618549844 1542.03956292425 359.564177414237 291.766112650527
198.336236059522 1476.71534787157 1483.24699948403 1563.51998894499 429.800150014479 355.453904572389
221.974616568089 1503.61811529673 1507.83027236302 1581.86274867096 407.861501552412 383.152676564266
99.4827643286254 1377.74671159706 1396.54914347717 1453.77472295954 344.303377571623 275.510462953913
108.108985148168 1557.46391317681 1563.77074906433 1632.85533975696 416.478353682864 416.648295221385
116.043574373439 1506.20478222021 1509.20705767669 1570.34500105613 426.522888388632 374.029803652065
518.974399912223 1515.85104900871 1505.92964126644 1600.8935078793 383.158157521853 370.231462154641
192.97447797387 1443.4674519983 1454.49503249787 1514.9478361338 Inf 318.858861733779
34.1098461271591 1432.4044894445 1433.61420064662 1510.91408182517 Inf 294.598828442233
149.039229435205 1470.0283547241 1473.45513628509 1551.16753549472 392.867234393875 354.5848142631
329.826900975235 1555.18569441114 1566.38245289669 1640.99580760427 500.229108618134 429.772318592378
36.241935504868 1330.74910156798 1340.51761566899 1415.09437301274 Inf 213.228922584025
309.967755527814 1450.15097943073 1455.66972486662 1531.75671885419 423.980708417514 351.255575487311
292.652618011434 1416.41217678048 1424.0741614987 1497.19806106305 371.11007706853 296.263166131121
145.12189099178 1485.96074953731 1495.52077822559 1571.31828421644 415.991730967284 352.527953027066
174.979890263809 1515.02885208896 1525.74037440746 1605.68962888123 399.030773953432 377.347834153113
101.924365635631 1367.76849954789 1368.45889033323 1442.40132309138 298.047278381098 238.839700389532
146.65044194552 1512.60611576801 1518.96277298352 1585.0018141122 413.719823655652 386.36635410093
74.443216764375 1482.60492976147 1470.61220012668 1556.17549493001 378.301123854534 338.915871637721
210.136318730548 1417.61517541005 1441.54455858374 1511.94905076822 318.006603587215 310.144445528289
322.526005548611 1527.51596840912 1547.64813539979 1627.32608175445 479.630002072068 426.211184817254
128.475787478122 1493.92344129969 1510.28127626449 1596.68528014748 386.617318987005 373.754182691334
153.212316284047 1453.30187136757 1453.05231313036 1534.60944479029 280.367276093226 311.983334696827
285.79604497521 1557.26234507105 1571.57743124895 1634.56221634852 462.156661385549 432.170890787261
274.647490973461 1491.36426539981 1499.40894451935 1564.23304892648 Inf 366.78783757561
65.073766638385 1407.03894285136 1406.52505486407 1488.46887400232 323.013285729963 305.23875591349
219.240394493142 1480.86975490501 1487.1629979603 1562.18896125715 Inf 354.941003767276
58.2130351972019 1406.47837281843 1389.24471048818 1490.93501580218 289.322973877852 290.679492906769
95.984939503349 1467.71397652118 1469.68482802553 1543.87321921359 Inf 341.079078280235
121.6038119838 1423.76752350888 1428.0241826805 1502.01814127423 324.383358676464 267.833615057504
126.201726354982 1420.58418167208 1418.92778668789 1490.37997033809 359.22847758973 288.328748124781
201.54256644635 1514.73770508592 1529.22519194292 1589.73359048624 481.13484870024 404.153672820117
312.113528026481 1537.15008447147 1537.72621968974 1612.97240779788 426.558676965296 412.342524165534
151.865095204727 1480.64086774982 1479.13322763422 1556.97330316947 Inf 367.178722860997
104.343005047474 1447.1430232062 1449.27787057432 1520.46748904685 327.59737217403 304.706469297063
-37.2274912141921 1382.98116914679 1416.30775509748 1492.72774790961 238.780640435302 282.492821400719
51.2471654398248 1461.78523646124 1480.87180350859 1537.7051989467 349.819332560655 Inf
