"drpm" "wddp" "lddp" "gmddp" "indcrp" "longcrp"
849.082296263171 1547.74027400008 1551.10775476303 1605.6011035193 941.315233708205 962.189637155842
938.863766047683 1574.73005501423 1554.62126707721 1633.30078441537 1051.83001092273 1015.98287768451
974.52126353942 1586.58824693208 1596.0962708543 1662.33070983984 1021.53851007093 1021.95891322362
995.867809701501 1586.06351180231 1594.3854525664 1655.19813608091 Inf 1030.42659888653
878.587832613309 1536.961824451 1534.12769300501 1600.16397128518 1014.67197155684 951.068941128438
1103.78463991022 1616.55678355802 1613.56621893756 1676.71474434271 1090.69182476727 1040.1875527067
990.139864935262 1535.33966781009 1504.39834950377 1606.01502409099 988.8051082446 943.076121922759
914.989914199734 1524.8555765083 1517.84974664559 1590.1088847593 989.14243430373 970.818299986693
1005.60339021522 1558.61407570086 1542.11125906469 1620.45690392948 Inf 991.907073901318
1020.6940415603 1598.69210567751 1589.77991433627 1656.07825729937 Inf 1064.25511505188
1015.37920887273 1510.82068182258 1534.41834862198 1584.67981509258 996.661850230039 970.768209110632
1017.42745554381 1567.84733195704 1567.2287362015 1630.55628330069 1008.33347921589 1005.30320735946
895.243998082106 1508.3065528867 1502.19480690986 1564.77866093602 930.654646466301 946.409696883574
907.940061543054 1568.97759095034 1565.41956419679 1631.84919004441 Inf 946.397611326888
1066.22480093502 1633.39830793741 1553.82626780213 1706.40737167327 1041.51019739497 1051.78699453185
1065.19916467165 1629.70499671247 1578.42186185101 1687.00819461664 1089.51114387081 1076.26709203101
1015.27092284234 1624.87558406521 1629.40391789218 1678.34902149225 1090.81929237572 1068.99920260874
1004.34508046619 1626.99180788213 1604.65687951169 1698.32092239501 1077.98914151627 1088.33351483705
1026.16533311562 1592.21644133374 1565.27031253115 1667.97856615348 Inf 1039.52400699669
989.897809347538 1533.38399510421 1546.17064690636 1605.16660259774 Inf 977.087272529983
946.462371780109 1546.1900887428 1566.39946807683 1599.91608913281 972.925732039674 973.729546968023
1020.42458008947 1627.3815013834 1614.80611878352 1688.45971173227 1100.24066714702 1051.18474554968
943.562185270596 1541.44091468199 1537.11004973542 1602.377215282 994.435066487028 974.411139606053
928.420941485624 1563.14628736531 1573.96519029539 1623.80208178077 985.611839990014 1008.3729301561
1027.55800530393 1630.15877728344 1598.94337192511 1688.60229704975 1055.16155967458 1057.04547118196
897.475337791496 1517.85240902204 1465.84044315378 1567.46371474295 965.682308954571 944.781724903654
949.42881704455 1532.22750451367 1548.78104784691 1585.83876495396 1000.42915268425 943.97632199527
861.187196729576 1515.12562234599 1433.14605223357 1587.02379973343 993.259292548782 942.907593065782
995.547052174096 1560.44000688121 1555.19389480352 1623.37820702794 Inf 976.923303421048
940.191056262325 1522.67946795189 1524.72201216911 1596.77722356063 948.633746191953 974.341050350367
983.52612780589 1545.91087278789 1541.89976584716 1616.54444180749 Inf 981.720836179087
939.435073147538 1478.20317613343 1472.30868829571 1537.78524383061 979.74632562077 954.126832564542
956.900897384332 1545.96416638805 1542.08752548091 1603.06868994775 990.635457643148 979.436878137822
1029.60117193496 1598.29653800664 1590.46381688546 1668.47363377996 1058.38358096755 Inf
1016.82542053134 1615.76643267801 1616.6105537144 1678.5825372203 1057.2579469979 1038.91998029706
960.787629556894 1591.67721178012 1573.95553943168 1653.69145946663 1005.90051970553 1002.49154987569
909.760165924829 1555.71788110313 1560.41131906138 1612.7774475256 999.08971483835 980.397096279406
791.113000209835 1528.04896063431 1544.03320833772 1585.23416819265 Inf 927.099356295598
1005.22785006855 1547.86130985946 1525.31692021564 1603.03656793272 Inf 1003.76561968449
969.30531301355 1645.35740255469 1637.39460020654 1702.70800392822 1061.4906573029 1075.21361419519
840.021822859707 1563.7645435567 1562.45352051881 1621.98334310973 1001.06912422679 1000.4001779311
964.442504687949 1589.64001535545 1587.62188787623 1644.40995278096 1043.86495600871 1020.17519625589
885.371930159575 1512.20941438112 1484.45338504733 1572.38346096168 964.317048918109 953.899347771421
996.462535798477 1603.3196845732 1607.3587105983 1664.8020266925 1056.52387591812 1016.29573841273
817.017725397794 1474.18693955223 1473.81593730391 1539.14847023923 Inf 907.643358435241
1102.59855346859 1596.06597072292 1577.43880535119 1650.09274691243 Inf 1033.7351103722
1026.41712479709 1586.61572370072 1583.5755055298 1650.53304281161 Inf 1020.20703720623
847.817430816839 1568.55470223382 1564.8929734014 1630.59833398259 986.999208731727 975.602595970113
1153.57130038766 1577.2798603888 1531.30519441308 1629.57177301031 1026.35909288567 1016.99477060654
907.112904612543 1577.28290932695 1590.20751839448 1643.85276120434 1025.68378454494 982.121038449381
1012.48752191874 1546.61448730786 1552.30856227217 1606.69505709331 1000.44353356492 984.51807836977
1030.57795087397 1602.99919863757 1586.494928863 1664.60470369018 1062.97720405239 1039.09812779963
945.98203541288 1509.6271298155 1491.34903566542 1569.62505899113 964.702266739216 947.138172133986
926.07527432277 1589.24980723267 1549.25238250968 1654.37899348529 1059.32025350479 1044.57673976491
1015.48476087468 1607.95188926343 1575.01619050247 1668.9136572436 1027.33511289047 1039.95050126979
991.982782794477 1612.64959092838 1540.99546271796 1685.99275119724 1071.15271369079 1034.33377447183
990.614245153859 1551.21827168958 1559.57816224465 1623.30304011481 1013.99885066574 988.321432656175
1004.97984668922 1583.63527365634 1554.39308749795 1646.02218815486 1040.86451081315 995.520956198545
1026.32381267427 1643.66276867693 1563.43666387151 1713.63803487985 1087.33558012868 1083.45680177061
963.752320697776 1603.37025382383 1592.53458196248 1665.33405039052 1060.13520410825 Inf
943.358922999325 1563.65563867078 1557.08024202581 1634.47169781915 1059.77049442373 1011.6177585195
988.013894270271 1603.08116771111 1577.5488831641 1654.56523784337 Inf 1036.45786619902
1140.1108356153 1617.09268425288 1608.38489858589 1680.34875024664 1149.29239919642 1057.39833350734
985.609598917625 1621.28827314279 1629.45788260155 1672.68099861872 Inf 1056.10210570595
1014.24020870149 1555.6725700885 1465.27102768862 1623.56511976977 Inf 992.267881477574
1080.9474435129 1629.19279009355 1620.21966531308 1698.3974291084 1110.25394981295 1057.6419460729
932.70106010034 1565.28020913795 1555.72369949962 1623.26143910546 1023.95224868638 1005.55728618435
1007.45302444201 1578.20823339281 1440.30351410741 1639.56228580945 Inf 1018.91250625951
916.36478957569 1584.76243944837 1607.15557292206 1663.95935109899 Inf 1032.78358542601
1061.09190707516 1619.47919110777 1609.73804018297 1683.12949252845 1090.71964644854 1055.10741641826
1054.31279465787 1630.5929955957 1623.26628185793 1686.02647245572 1070.03498268505 1048.16535435417
967.009737860035 1521.15133089401 1519.46139415532 1580.57978479585 969.543681499709 949.295606190403
997.717286514454 1587.16040651109 1582.93141244403 1647.73653365801 1051.02978080733 1024.56988574781
992.608769790353 1590.95964451051 1516.3808612167 1655.6104629984 1038.82313765578 Inf
858.334364305824 1540.28287381385 1486.22510131736 1606.69427020524 1007.35943340781 967.819633954423
935.776922324214 1609.27662782105 1571.74552815647 1668.65014407516 1048.01106348013 1034.30689062397
1026.40714199252 1579.75141571139 1547.07027766044 1630.85126971379 1083.83865871244 1024.95426319512
1018.98497549604 1568.78533050486 1591.90367041847 1644.63869269194 1023.61631263707 1017.73285248949
880.874809986498 1547.65325799028 1549.59747490102 1615.99226770937 983.369252165607 977.083413387191
979.389408188102 1549.8748236906 1510.74033851395 1617.66947596272 Inf 983.893861064534
968.565357349282 1558.01102582799 1553.5187765135 1615.60312686692 1016.41611085905 1000.5297731239
1000.0131737671 1610.30307152368 1604.5930768508 1668.32009967746 1065.25695494012 1050.72884269759
1006.19152555343 1552.38554725036 1560.35947180398 1609.27478564208 Inf 996.060244302738
967.463633032015 1589.32876967368 1558.67608490146 1646.94845246763 1031.43890783117 1013.35347579734
978.791646386065 1561.54327213141 1552.42590618602 1620.50556137603 1024.19811030681 1010.76287080717
962.325314338732 1550.9937031348 1541.94729504237 1614.40048199653 Inf 986.58388170808
879.613691562576 1531.69654355726 1531.34935723003 1598.02989555872 962.067022695081 972.969552385607
1100.83383043609 1596.39717367225 1594.84438072439 1661.565866834 Inf 1045.07959656321
780.237846472491 1495.88454382235 1499.85254126404 1553.31271573164 917.772885310438 935.135146605721
1071.62213103614 1598.97076315234 1602.96471904512 1662.93740552407 1028.70102602298 1030.97571042493
1018.50244134452 1559.91053580618 1531.96752938492 1616.39266536989 1064.53390348748 997.365805585156
937.301894239398 1554.53302502644 1541.46065100441 1612.83753078249 1014.62158316355 993.050282174405
1032.05396015306 1554.14351340514 1563.26657675965 1620.57295184375 1030.09457638946 1006.82328895484
1021.15748401991 1595.81459255909 1601.99981646013 1658.62435223303 1063.6491654611 1027.60758967397
1145.86351400544 1648.65051806756 1656.95632634561 1701.48045643199 1093.45726115131 1069.17520453661
932.069160842887 1564.3072797562 1576.40162310094 1631.13008620382 1033.3998930508 1000.94105421687
1032.27638413092 1609.23286053449 1608.57660512076 1671.59983352106 1085.91889866238 Inf
1041.35185797088 1571.58847135408 1533.97091482072 1632.86632453333 1020.22618937712 1010.46247435993
990.411600177315 1543.26554277026 1557.80850350385 1597.02006932226 1013.97523307171 979.776377555645
995.747374062396 1542.35435309773 1545.68655962946 1610.85550236429 997.265828531999 970.132987758181
