"drpm" "wddp" "lddp" "gmddp" "indcrp" "longcrp"
0.00342305233622282 -0.0134848469898548 0.000357060270943668 0.000652047519538356 0.00295057559592475 0.0259152756707686
-0.00870089596717932 -0.0130025266954379 0.00447370768392357 -0.000121211260567526 -0.00242227312410188 0.0104416108192454
-0.00464730922273406 -0.0122201688178389 0.000524115443729236 0.000862993755442263 -0.00213417446053213 0.0143807060864395
-0.00651737284653703 -0.0128611982207564 2.31090778297786e-05 -3.03430238058275e-05 -0.00414290047862054 0.00911569381271404
-0.000307247230834977 -0.0111267356583436 0.0033194895356089 0.00683972335039553 0.00264541130872249 0.0265254736447236
-0.00704115816057955 -0.0109110061571268 0.00284323433374208 -0.000128035119494028 -0.00454987818688678 0.017409871335614
-0.00259970221446405 -0.00976114604326399 0.0078519152843126 0.00145700318484155 -0.00178847851148997 0.017951093373043
-0.00527643472238222 -0.0161868380871875 0.000494978451747297 0.00145205377380292 -0.00108917877118929 0.0275676389219379
-0.00283267328303611 -0.0108002472961053 0.00610488695731255 0.00333498352509298 -0.00313287991953362 0.02296036269459
0.00111392857684425 -0.013149531167289 3.22177898695612e-05 2.170705493839e-05 0.00143203577972584 0.010844530832786
-0.00226211890885387 -0.0107003054755481 0.00293724915818827 0.00270798384484079 -0.000834752442046129 0.0155108675450252
-0.00471217516060118 -0.0118600202358493 0.00950700278568464 0.000207833545060886 -0.00128002659468004 0.0188834985592053
0.0021209940544733 -0.012354438186994 5.29597231638093e-05 -0.000217900333610099 8.58994898215807e-05 0.0156402258406017
0.000311654918686345 -0.0130488413479391 0.00100383709108468 0.000429698300471475 -0.00385347478213001 0.0127483321982336
-0.00202330936281306 -0.0127936148492988 0.000605682159592763 0.00176937293635314 -0.000553287233560983 0.0167740024578646
0.00859971443091853 -0.0144600411631967 0.00612680424534182 0.00208562299862415 0.00779857396060568 0.0139118026994389
0.0128014264941464 -0.0115073425402775 0.00100003931204395 0.000837207180729513 0.00921755058569201 0.0162201318981757
0.00469342531867851 -0.0129191064610884 0.00963612823572853 -0.000643637984083537 0.00308579456515337 0.00926435001398704
0.00880344601453138 -0.0128025112493397 0.000128915663851641 0.00246406562045838 0.00456417337609483 0.0173165219976755
-0.00552441916964861 -0.012914075322467 0.000234710411540029 0.00230471233667169 -0.00474363758952522 0.0286518210426694
-0.00537834439166706 -0.0148707979592429 5.61584363510693e-05 0.00417799829777601 -0.00141754551634981 0.0276984305889712
-0.00351086319238436 -0.0128890366338547 0.000427559406234477 -0.000391702683084107 -0.00123644995814603 0.0134717043334071
-0.00475681909851048 -0.0129752877283578 7.79110649873137e-07 0.00312584041691358 -0.00137446531742877 0.0218598491777057
0.014334826928545 -0.0116599232254193 0.00378953932327605 -0.000397852171423669 0.00688990341334464 0.0147120045487111
0.0101836230830451 -0.0132451618309566 0.0158423398668393 0.01002001930395 -0.00216770086430923 0.0273650612838767
0.00771017820382075 -0.011673650208489 0.00375725075309939 0.000132261547899822 -0.00136808771806099 0.0159122083335478
0.00300842347305374 -0.0140624469423188 0.00469596037828022 -0.000330356382881147 0.00304350696781141 0.0131774813131417
-0.00959652609579315 -0.0138828429232095 2.75322882394477e-05 0.00212354627465849 -0.00475977088892175 0.0121973024448988
-0.000265050854798893 -0.0119194784397035 0.00588920211260664 0.00233351184571457 -0.00150409192679475 0.0288354983605515
0.00131660744251758 -0.0111826011368469 0.0136942539241505 0.00850703533422354 -0.00494389309339217 0.0263520126114284
-0.001093070149213 -0.012384066656687 0.00193868752727908 0.000268426590952189 0.00227075105986061 0.0176879626898164
-0.000923718987254834 -0.0104396943310773 0.000484833570117718 0.00134595849765023 -0.00242281096590405 0.0166127745252182
-0.00487859961481204 -0.0119365201018915 0.0038332512645448 0.00290123059857872 -0.00205678267560255 0.0251597621299931
-0.00482703999046038 -0.0120178621643409 0.000230112034731108 -0.00124285128211235 -0.000959643968071145 0.00285242594475557
0.00265546023619627 -0.0132051885417258 0.00409573088020759 -0.000651834887896761 -0.000287840974316884 0.0108319462556961
0.000854701552175717 -0.0116778413381563 0.00392003901408705 0.00035937041752141 -0.000635108924585382 0.0144368089992198
-0.00254126268123659 -0.0128069927117443 0.00112003252885515 0.00308568536818118 0.00136389042653703 0.0126830871148544
0.0149451176813715 -0.01205353949918 3.87154249887906e-05 -6.32983857338013e-05 0.0132859864481673 0.00958595225108049
-0.000350035043553956 -0.0126852846868155 0.000426911401853025 -0.000219012399194154 -0.00318337219485756 0.0186326184938671
-0.00271097217574886 -0.0160766894904717 0.000152252366419118 -0.000291571760303084 -0.00363098568640338 0.00760763046449807
0.000762128788047207 -0.0122057656788298 0.000199865354270552 0.00101782156217972 -0.000743733682584288 0.0245235948681129
-0.0139954477236907 -0.0145792169579204 0.0123194752793323 0.00346302692444673 -0.006524948114277 0.0203318030069845
-0.00354198488352003 -0.0125231315513692 0.000247809136898586 0.000599157066282391 -0.00202169377517543 0.0254280833683584
0.0078702226444315 -0.0126057173755877 0.0040028553241422 0.00379478679090904 0.00395086835185087 0.0281443818914463
0.00785473156600371 -0.0131479111637689 0.000474511537132282 0.000162377428807127 0.00861529815769783 0.0165791364564897
0.00673241062655538 -0.0115550255181178 0.00152389571189964 0.000784146523605863 0.00114808146275404 0.0099414132972629
0.00554832084888022 -0.0122149788529707 0.00162209713688172 0.00176976208380539 0.00542416351641169 0.0170307700922709
0.00234572909476476 -0.0127027967791442 0.0016857508921935 -0.000617726207232707 0.00375389099471304 0.013388040753022
-0.0139823755576155 -0.0123988555281211 0.00021957386511779 0.00155694830672918 -0.00748467416575235 0.0173588487600022
0.00449710574938175 -0.0136520833852217 7.72075001015051e-05 -0.000186802081148011 0.0061166294574509 0.0109464328214445
-0.00611724534181981 -0.0123383929043938 0.00183223166395358 -0.000221345304855128 -0.00543864528154776 0.0156027858596754
0.00543097347372846 -0.0111087683870464 0.0158365340420411 0.00391104594412669 0.0031197557084705 0.0412340145983548
-0.00170252056222561 -0.0129250805762049 0.00998137108958927 -8.09631545016532e-05 0.000167262693981811 0.013941129794604
-0.005944712361196 -0.0115561251757533 0.00327158105608767 -0.000988029156380002 -0.00419131411066629 0.0125981113105756
-0.00168705453914385 -0.0113905942155343 0.00156512269115675 0.00018925469271283 -0.00136433997841776 0.0141542705441078
0.00439923656856295 -0.0136414736523715 0.000319298211102425 0.0014336491010642 0.00163584854983406 0.0216683386624177
-0.00731207626035007 -0.0121980649544139 0.00218337944149118 0.000407896497506469 -0.00415123300641321 0.0149711799676779
-0.00170485219530274 -0.0117170299157593 0.000747857710780004 -0.000155533369530472 -0.00218773687916453 0.015345206317815
0.000363281215148624 -0.013326920484677 0.00255970306314219 -0.000366525545558128 -0.00106699367051101 0.0168456903727448
-0.000927840415491156 -0.0131986523436245 0.00387286350711594 0.000838844951703408 -0.00216138626596627 0.0164769585953813
0.00268258920006858 -0.0147133586145114 0.00225913504461421 0.0013628269932125 0.00177501026511367 0.0272820669481309
-0.00672145007441371 -0.0130402773870904 0.00244102576495245 -0.000312467765067143 -0.00525188066277411 0.0184911466882315
-0.005961180213728 -0.0137453618116155 0.00158169482049957 0.00010511205722978 -0.00263712077709715 0.0109487015499879
0.00167887648957005 -0.0126587458869702 0.000432150881588935 0.00281661646471124 0.00148680229342147 0.0159578031780445
-0.0101890461810208 -0.0128282300831495 5.48407390493614e-05 -0.000169950119321158 -0.00533356988632359 0.00660542609065809
0.0221175963474007 -0.015024704114282 0.00251573377921002 0.00114582022444967 0.0121393138686156 0.016807565369383
0.0130268305094086 -0.0116197125346237 0.00370831994761916 0.000703050123474 0.00105212613985519 0.0175089889678737
0.00129724759369691 -0.0125903524391469 0.000701768822240973 0.0127613574060739 -0.000336504160340269 0.0266407778904635
-0.00551333709126075 -0.0124455180026815 0.000170724363926894 0.000166797703027108 0.000723520815341582 0.0128111330415534
0.0197292401682435 -0.0131095643812439 0.00589868164638403 0.000869518241795316 0.0119515703217013 0.0234452198357507
-0.00387761364882378 -0.0117469146663736 0.00680533749909924 0.000905966842685851 0.000607738777579732 0.0133258487490273
0.000824129435178879 -0.013102797434459 0.00357634906319681 0.00276029549881093 0.00121570815821118 0.0266639568366858
-0.00130902658709915 -0.0121861156232309 0.000270405921119497 -0.000360751228017883 -0.00092103643343034 0.00643840689922483
0.0115638845772109 -0.0125124131246755 0.0275601058842091 0.00806448709240846 0.00746887014407855 0.0478801058327498
0.00289936496751598 -0.0125765135590351 3.13377044861527e-05 -0.000166608275202298 0.0042217030416336 0.00847246441394861
-0.00267704675516042 -0.0111185723621471 0.0137856968673997 0.000801337856232959 -0.000368783069383547 0.0227366533887718
-0.00783441926063055 -0.0151735180962164 0.00433925220130731 0.00637030234984952 -0.0038304943078843 0.0218799438802806
-0.00312331162633838 -0.0123616026764701 0.0012387675879901 0.00176530968512421 0.00188328225341745 0.0193722191516012
0.0040499218692704 -0.0133712792345509 0.00160904023060515 -0.000210889639007251 -0.00148585642347498 0.011375855099974
-0.00632807429388059 -0.0121876513217415 0.000395321622693565 0.00218078304795314 -0.00418582777598746 0.0239654126763575
-0.011135119950592 -0.0131789419705197 0.00939741244062076 -0.000209308285606187 -0.00432882916663873 0.015176183526223
0.00208059203558798 -0.0111182199309945 0.000181426486969735 -8.57642177289201e-05 0.00195369141850282 0.011720968793996
-0.0104366728515404 -0.0125056028925817 3.95219327286306e-05 0.00153562897981626 -0.00597894643747561 0.0197912704742787
-0.0038883812641402 -0.0114646242379014 0.00385994459986819 0.00113219539647226 3.50098624925222e-05 0.0165633488624184
0.00631851869032823 -0.0130163172361455 0.000235193260250534 0.000510586782423709 0.00103616822878611 0.01245250095901
0.0160263027382088 -0.0115007913811732 0.00485855467666587 -6.71732881733141e-05 0.00954684061190864 0.0246166753970115
-0.00661557355599411 -0.0129266243918561 4.98597211636129e-06 -7.16493999502029e-05 -0.00388700796678588 0.00970264742231048
-0.00372533949724479 -0.0134775034621925 0.0141389116647495 0.00834457060127213 0.000330492313712409 0.0295014169782754
-0.00484089193345101 -0.0134282907429674 3.51723994132123e-05 -0.000252186022823428 0.00216469268226391 0.0141990602472979
0.00300595821937529 -0.0121166280122582 0.000141934400528606 -0.000381436123019637 -0.00232299948049041 0.0136186140890155
0.0141413444153972 -0.0124992451005835 0.0075500266852896 0.00215738501992993 0.0032408921738422 0.0245003537724548
-0.00197803022116397 -0.0131399092523049 0.00257105285396796 0.00456697186805709 0.00107579260187641 0.0241252987421945
0.00105033508916301 -0.0107208948322713 0.00161161757073434 0.0107324626299702 9.42936693115938e-05 0.0387426327507909
0.00181145743990231 -0.0139664027135212 9.25824127799019e-05 -0.00020001290026735 0.00140681352274128 0.0123810507251359
0.00166193659951588 -0.0135728474918169 3.4584181038281e-05 -0.0006551218352244 0.00496111024174959 0.0103705876498748
-0.00607434489014735 -0.0118429557935133 0.000848542810615343 -0.000528445759005166 -0.00115573843050979 0.00733803416696781
-0.0113037199853784 -0.0124468915859835 7.86294997512874e-06 -0.000310533259249932 -0.00330094397951003 0.00992146770839477
-0.010047767099464 -0.0133105129890855 0.000446078901119479 0.00350608767606131 -0.00547987486452456 0.0213228928820632
0.013569744557312 -0.0108482076604388 0.0043632758049172 -6.236824337333e-05 0.00504117126302121 0.0194136105116062
0.0136723305459743 -0.0118638980898354 0.000766784942914267 0.000388179064666308 0.00478002805324376 0.0185633590476842
