"drpm" "wddp" "lddp" "gmddp" "indcrp" "longcrp"
2465.7574239891 3603.39910850636 3444.93328319392 3735.28686772031 Inf Inf
2372.98649776381 3624.1178822154 3457.86672344476 3755.98177827179 2553.59911545441 2492.67785326847
2284.4495980597 3632.95901317638 3335.64002417576 3750.5983686764 2530.88526720597 2495.64778324917
2204.56954202495 3576.88297315811 3438.8283165508 3706.39663322788 2497.19194385658 2489.28079096974
2404.6904935972 3732.87561697188 3203.72557083148 3820.38505833979 2771.39765752214 2632.23688095463
2447.67057705144 3759.00056564448 3734.5765424016 3881.64659359854 2668.69535635559 2638.09689544737
2326.35909101534 3674.31948391695 3634.27294712748 3808.03057770351 Inf Inf
2419.34002661788 3626.05924787303 3410.12771426392 3756.56636056612 2594.96066464782 2517.55103887614
2485.50668477427 3651.06444218118 3373.47571161318 3784.04361381539 2582.94578537042 2527.78014162443
2371.76262243617 3739.63200479193 3642.40877901963 3880.58612728945 Inf 2599.03391079743
2462.05794548074 3624.15900792324 3428.63974093009 3754.21718750136 2542.13351457084 2507.19557632399
2316.73783333259 3773.67487147085 3582.71122852773 3910.13248738705 Inf 2666.96326019037
2460.55148174002 3798.98851000767 3605.86651715694 3929.21215476213 2689.78750072964 2691.75096641617
2682.74099906995 3693.66398416138 3124.00619182863 3830.8273457832 Inf Inf
2613.86233020868 3649.809602992 3408.42524724095 3774.9588417611 2583.7179688638 2543.82078246406
2355.79111688664 3603.4309427488 3119.30135012455 3724.20049425116 Inf 2470.81877218841
2498.1157987639 3758.68939884939 3182.47847375272 3891.25300212491 2676.36233390183 2631.08716871883
2442.94813045259 3760.00534054722 3732.36490295606 3896.54551264082 2702.2115470695 2634.00115875407
2430.06326350365 3801.91112610283 3435.98392885248 3933.92486147173 2709.71479030824 2647.29897938193
2365.6118281829 3671.66431895998 3229.81506783151 3816.5729741977 Inf Inf
2486.7344799033 3682.98759772166 3393.66160416784 3804.70218573948 Inf 2557.7233903886
2475.40480982443 3732.15185710757 3488.97732514083 3901.54289304747 2657.14927582418 2614.83798594986
2151.6218844273 3471.12911672798 3367.52724765954 3609.47648060792 Inf 2352.46055119489
2569.93687844662 3704.49803665961 3320.07480090119 3827.01889409957 2617.124462423 2588.47014782083
2542.87946025538 3926.89039805072 3278.85351025677 4059.19509897547 Inf 2798.05877074518
2366.82640394686 3500.98026579327 3197.9012191207 3606.74187278318 2460.35000028224 2370.73807378405
2498.97107291536 3657.70772482225 3222.67005558372 3790.98577356039 Inf 2517.51566750764
2420.60823753309 3700.30613198436 3377.30152604544 3824.78756885274 2614.33450258637 2560.85923303005
2335.28343944765 3641.27829958583 3311.62258456803 3761.66947675058 2528.45461772901 2463.73374094384
2578.47958062553 3678.86482142409 3623.36402631947 3814.80156126138 Inf 2571.07255993341
2398.80063630738 3634.28463091514 3409.63437902857 3764.53457238006 2532.06107081279 2516.33781623217
2356.87778789575 3654.65071260098 3383.60428569539 3771.32115151772 Inf 2520.35638009042
2476.08329049377 3758.25841596354 3676.44804862394 3891.66555895526 2616.99750911909 2619.95538412951
2379.46702855628 3745.17435198999 3242.90500101651 3880.72629666813 2654.23110355795 2619.39484528485
2435.48426006961 3775.47393831778 3445.05201963825 3891.96444470461 2677.79136699467 2668.64893321877
2385.02943679127 3718.25505449156 3503.09541707259 3844.20546515956 Inf 2600.66640156015
2250.60243138467 3547.44154809098 3217.08862256544 3701.65692657 Inf 2420.1230057692
2176.50790190118 3547.15851908611 3454.11763297133 3665.81124760291 Inf 2424.77834940949
2531.19323811905 3673.58014758577 3591.28966047199 3790.71270367348 2549.72250942457 2522.73594205175
2393.96395806173 3792.15798029015 3397.2071543017 3916.23290097446 2651.32198646376 2649.72375014294
2334.3409665635 3578.10023056488 3539.59888849312 3701.85136871261 Inf 2474.94891301092
2583.19126730373 3713.8696827373 3551.95280892371 3847.0369589457 2671.34703010817 2608.84280789585
2403.67703336882 3577.03294677161 3538.21625710336 3722.66380488735 2556.1922541727 2431.74381718261
2363.57437831251 3724.22107063364 3355.43314897957 3849.94442516112 2670.91890567272 2610.42378787472
2142.6340787286 3481.43672424019 3415.39679056864 3607.68882360118 2360.69848781767 2317.09662171867
2474.44963204588 3619.3825770626 3161.72705123029 3734.20493084458 Inf 2474.03194245207
2533.72621666661 3711.97839412911 3532.20344319894 3836.88446658655 Inf 2573.1652421491
2314.45252534523 3517.57384592835 3448.02012797036 3627.80412799595 2466.98985565581 2411.90911285532
2596.69536342172 3579.63737653159 3394.20527948691 3719.65792765744 Inf 2463.41863638522
2476.90853436636 3760.57635062472 3558.56720750204 3885.71432378416 2676.71208316767 2612.64113898835
2354.69953007323 3650.12590908839 3281.81594513617 3754.34667105271 2546.48237135484 2520.34397091307
2487.8500240881 3681.96327865095 3515.71771746455 3797.26106503471 2659.48736104797 2535.93223888646
2292.79360978585 3578.14179582421 3370.60059820709 3693.35922046351 2458.74772134987 2451.70556892286
2736.78294394864 3756.52097422948 3416.49501327827 3882.20364862253 Inf 2631.25790394964
2369.66123548447 3600.11270281455 3278.57289809743 3701.54148893996 Inf 2456.01528160479
2636.77466535094 3804.22029043677 3418.24684039328 3959.65232278385 2780.94207649021 2675.47867524251
2475.1821659509 3756.22821323221 3451.33920762821 3883.70971613601 2723.33914801803 2630.11729690242
2339.11693774513 3671.60012676633 3244.71888739345 3779.83141178342 Inf 2549.86468119357
2396.53751609169 3623.26313529843 3309.97802802323 3752.72100256594 Inf 2549.37084387391
2353.75073626959 3682.29309684238 3510.78219398314 3794.17926863979 2558.47319161747 2576.35765782281
2568.36424928564 3654.4327856846 3574.93230574428 3792.60639168337 Inf Inf
2536.70908324654 3733.86137624733 3419.28531046619 3857.38213712218 2716.30060820757 2633.45094918355
2360.13613716029 3739.47134195361 3461.65255519786 3869.51279538916 2681.3695901125 2632.96240962339
2341.02544942161 3714.79999828775 3435.49442967944 3836.43809402728 2599.43243378354 2579.68470166096
2456.0171453682 3743.70979575889 3662.77963497902 3872.25377358535 2669.59434885374 2624.65732953941
2554.00997477782 3778.63358953162 3433.4143327685 3919.48496431074 Inf 2678.69965066182
2306.92266339936 3489.26402825522 3287.02485401997 3616.13412192547 Inf 2353.27534698257
2576.47204848545 3777.01465595856 3212.30778893786 3894.27059663697 2686.50136752361 2637.56296603039
2527.85027020139 3771.97457980063 3492.94588434382 3912.40248871969 2691.65988433267 Inf
2480.35537385078 3672.12108266218 3389.30612634592 3811.192974949 2562.37754176179 2547.83124439115
2479.08171164336 3724.64875572986 3419.39801266205 3855.52571932477 2636.4115021865 2607.25568873857
2389.21365151575 3572.7323610758 3504.070923947 3695.64474904954 2491.60605786485 2405.61094777986
2250.42889873093 3750.07791131088 3277.80199068407 3867.78971560436 2651.25071232441 2597.77626441011
2507.1239754641 3743.8914150623 3233.22742523858 3865.50697709979 2645.54599621621 2625.06929791108
2354.05656676752 3567.75926139285 3221.60443729769 3683.49640125375 2537.28670249549 2466.82472744172
2372.05312008261 3540.35978622828 3151.49310616002 3648.97020416729 2430.28825861893 2417.1590307015
2552.76235137777 3646.1206668502 2782.13947748683 3770.46167445119 2690.57819707043 2563.71366338907
2196.40959977686 3554.37376036916 3400.67903276105 3682.18201940738 2467.19613479356 2399.46009491913
2519.6667099695 3814.61596827779 3418.40939731791 3939.21837463972 Inf 2688.25003978286
2455.30344685701 3596.57283154463 3374.54963015438 3716.31038015379 2478.30651695375 2474.30311454388
2519.69286838465 3664.45999534472 3340.07357279368 3772.05228554009 2650.1952129341 2565.73230300565
2555.79268309302 3825.98137357036 3643.35301824339 3959.82764811868 2743.7100342772 2675.40432049368
2372.11458480862 3611.2572795662 3396.27958463879 3760.35405686788 2533.17167562884 2506.60815680639
2405.16007175705 3634.87446451564 3302.88972191729 3772.00867367682 2535.54642403799 2518.58939275716
2364.66198413566 3518.47875982485 3265.08333628543 3635.48018316663 2476.29412785686 2414.03114374592
2516.14424609913 3646.31925732151 3348.48364300594 3757.84756721961 2601.39656950799 2514.63618250934
2252.2273121076 3563.12567394908 3490.27184922643 3683.11876179853 Inf 2443.09476579239
2364.43848742258 3642.57666114626 3162.29808994739 3768.25736242053 2554.54374955218 2508.99123414571
2243.00695918719 3593.01137415766 3339.39758649349 3704.1682090091 Inf 2476.02153122952
2816.43639730629 3669.82983625486 3303.75895307603 3782.7330096195 Inf 2549.54581645449
2280.41604669987 3586.40399728641 3310.72170842358 3705.80275679342 Inf Inf
2199.5169663056 3463.2544461622 3335.87629945447 3569.07763220421 2435.35130609383 2330.19151893006
2343.99286024814 3567.82389935573 3406.97240296112 3699.75176644352 Inf Inf
2591.34594498077 3694.9985912877 3297.5039571172 3841.23829195118 2683.28864377199 2561.48817941827
2349.35415821497 3709.44768955964 3523.86787054095 3833.25739576537 2574.34090847248 2562.89220678677
2468.93017007288 3764.11268889343 3630.32144877437 3883.71979694169 Inf 2654.95758102042
2408.00257662609 3690.12662243068 3508.97577995498 3831.38144845367 Inf 2584.7826382247
2228.04253785343 3589.98376923511 3137.85267989397 3715.40160520832 Inf 2465.39237046141
2569.34754563452 3843.19207395162 3162.96314241705 3964.59575286069 2760.65275664269 2711.43888949416
2384.98437809272 3698.97709345149 3603.14402519444 3822.37284063479 2596.26857009806 2584.02545473574
