"drpm" "wddp" "lddp" "gmddp" "indcrp" "longcrp"
-0.000846748970192986 -0.00946338708291069 -9.53798452907996e-08 -0.00120990812168111 -0.000508642077266167 -0.00229783627355367
0.000950679994381304 -0.00965218474009594 -1.29287220789046e-07 -0.00117048319247418 0.00172127322079654 -0.000956490661503876
0.00175095444602225 -0.0106554459546788 1.0170133286799e-06 -0.0012998940923977 0.00212857310384407 -0.000262779889833419
-0.00226262150087239 -0.0102192074415157 -6.45418897194429e-07 -0.00119062997266813 -0.00207075871444411 3.49280872017785e-05
-0.00181853687690678 -0.0119612830050584 2.44382958926848e-07 -0.000882265511131738 -0.00127436573618109 -0.000352613386096992
-0.000716721459546724 -0.00886468397611471 6.32727385642711e-08 -0.000938516589587304 -0.0001493080467259 0.00167233133903302
-0.00206791630618299 -0.0104842552639169 4.66484505388399e-07 -0.000982262712030046 -0.00193640844996951 -0.000230219893285845
-0.000811061006082374 -0.00985906059173739 -3.87028884351718e-07 -0.00118123853526478 -0.00145344160198409 0.000572740313944829
0.00161875742872352 -0.00986876895378097 9.69135589563308e-07 -0.00103349670973771 -4.19855495968582e-05 -0.000267329553798089
-0.000358473503207281 -0.011279048800902 8.15705041245324e-08 -0.000646988721881792 -3.25080877055349e-05 0.0047501361665189
-0.00142299365507522 -0.00984683692085695 -1.74577032800863e-07 -0.00098094344290407 -0.00299090220097752 -0.000429912456913627
-0.000864210458911882 -0.00888892536522888 3.24765780638455e-07 -0.000810261401831213 -0.00128760567843582 0.00134105719150096
-0.00414793509609141 -0.00985387677716414 -1.71595409225615e-07 -0.0010209271095345 -0.00394247963873617 0.000602402186246884
0.000121993164644323 -0.0103256058453671 -1.13186110996082e-07 -0.00114330609337547 -0.00103569133070097 -0.000922988380417362
-0.00122053002298875 -0.0100131863514306 -8.46745751545228e-07 -0.00100299244389173 -0.000438266846027318 -0.000920541347049665
0.00199594884063521 -0.00914152157669782 -1.28222426296045e-07 -0.00100349765403185 0.00190104128180413 -0.000169171630863202
0.00324231245624355 -0.010905730629402 -4.88935030715774e-07 -0.000845421934263271 0.00167329603488921 0.00188500535657825
0.000306392574655895 -0.00908144205406787 4.88824961900316e-07 -0.00110899745684846 0.000364340000434137 0.000537380788488343
-0.000971904265683198 -0.0106421493558844 1.03665699216148e-07 -0.000676105699010489 -0.000873925534201389 0.00264259317918129
-0.00346058086788942 -0.0109134408932169 -5.0810371390148e-07 -0.00105903253966351 -0.00250883044884028 0.00022914022087504
-0.000496707251476066 -0.0106016593254839 2.22788350512401e-07 -0.00115039696101857 -0.000969003177359341 -0.00140786749318062
-0.000479800441769933 -0.00948114655870599 -3.07609878097003e-06 -0.0013545382389378 -0.00120717270752784 -0.00305269331801244
-0.00117698947378672 -0.00949170508955737 -4.25600874019625e-07 -0.000991621411135106 -0.000566669771225749 -0.00189109216575703
-0.0031129341263466 -0.00944935695226278 3.04625003597231e-07 -0.000909766379652973 -0.00312373149818659 0.00161107325304613
-0.0012168523378937 -0.0107502404720051 1.00315033381973e-06 -0.000925966388704573 -0.00115947976905131 -0.000250424722602345
-0.00101131138438617 -0.00995230843826255 5.46369121088602e-08 -0.0010454475177386 -0.00102365450392874 -0.000195238616448129
-0.000686743992897244 -0.0104572232850489 2.37213721897877e-07 -0.00106195651086305 -0.000999459450786143 0.000632812376865581
-0.00203136131412569 -0.0101666779427375 -1.39775072158098e-08 -0.000915452385707679 -0.0014952904242629 8.9205413308448e-06
-0.00040713686173359 -0.0101592877563115 2.42784928517111e-07 -0.000371461223710975 -0.00089957434477552 0.000969619711719991
0.00253253567174427 -0.00925731575840513 1.95115519779538e-07 -0.00111072940067686 0.00225900048016125 -0.00199120217348366
0.00201517843150118 -0.0105490777603575 -2.91755503445895e-08 -0.000198730040063554 0.00209548021086105 0.00309355802150569
-0.00257740550115693 -0.00973215334755308 -1.93782146342823e-07 -0.000918275972803299 -0.00207909691476903 -0.000964011484487214
0.00207681506943105 -0.0100651131640094 -1.96580969298933e-06 -0.000990220043558635 0.00118155040180921 0.000446837995436155
-0.000731937297226944 -0.00958262555836901 -1.48308578436647e-07 -0.0013956727032549 -0.000407157743810894 -0.00320608795243181
0.000890097946046915 -0.0103505580438952 -4.53520051325532e-07 -0.000725333501627065 0.000491407650587598 0.000295534219848515
-0.00186684247560356 -0.00997464767533467 3.38587006297718e-07 -0.00134275592348381 -0.00243683266716912 -0.00295085343373374
0.00015360656725562 -0.0099846505907796 -1.99589410582567e-07 -0.0011144206964561 0.00118221570452878 -0.000988377606365962
0.00153715101321778 -0.0102862324081917 6.52128254150324e-08 -0.000932381936866667 0.00110870376298844 0.000370072394433042
0.000690465312576764 -0.00964151268154859 3.90112298434354e-07 -0.0010270818232924 0.000725169829849203 0.00135780986880191
0.00231559778552792 -0.009513252309268 1.07662098510204e-06 -0.000348211460967284 0.00317947084731949 0.00783765853041297
-0.000467140387760001 -0.0108165971820019 -9.0286020678008e-07 -0.00109197986322513 -0.000359657326146641 0.00149083014209761
-0.00177255113033835 -0.0098148651518867 -4.79248541564117e-09 -0.00103621466643246 -0.00151673840573165 0.000857004066361859
-0.000334545771020814 -0.0108003023203358 2.96027484346737e-08 -0.000974769114584676 -6.22840096542211e-05 0.000592903062922891
0.00321855799904726 -0.0113936392012827 1.49618874118421e-07 -0.000561916841814612 0.00258023472854546 0.0014282399895777
-0.00253519520102418 -0.00973764006043224 -2.0377033865279e-07 -0.000593907348985877 -0.00213197044809216 0.00405339604598603
-2.9184345477723e-05 -0.00952470531137458 1.5089391692321e-07 -0.00102510817690282 0.000514809925253551 -0.00246308056179195
-0.000752305877813188 -0.0105734071290746 1.29087432144388e-07 -0.00091645762786369 -0.00111118136311446 -0.00146955072209051
-0.00249588565869934 -0.00899920097538087 3.33864966430994e-06 -0.00117807681499461 -0.00109527620183702 -0.00121108115643443
-0.00319125930224486 -0.00993309438533813 -1.20202384680721e-07 -0.00102000574763678 -0.00284633440666308 0.0012303596826239
0.000510575695142103 -0.00969621534785419 -1.05972243795006e-06 -0.000886761123121971 0.00076493716954487 -0.00043517665283095
-0.00232911468534316 -0.00989482501032247 -4.4297376795567e-07 -0.000920006441063495 -0.00193643264376429 0.000715283706261753
-0.00143922542329298 -0.00999921819545997 1.22112545105566e-07 -0.00088689817751186 -0.00191122075532174 0.00124209330050198
-0.00181706041515494 -0.00939096839443305 1.90466959624426e-07 -0.00117509450154791 -0.00185364842862479 -0.00155911439404995
-0.00380290284379178 -0.0102068724030576 4.44033790398357e-07 -0.000827923563881982 -0.00370565817976175 0.0019320007991112
-0.00215819099235153 -0.0101408951984306 1.03418095148405e-07 -0.000940475741144414 -0.00209939722119869 1.69056261218874e-05
-0.00137961380331079 -0.0108447777618957 5.1136176664079e-07 -0.000942883321842075 -0.00173170542687416 0.00130319721891328
-0.00306626836876142 -0.0092228737174994 -1.48982209318749e-07 -0.000705347406420807 -0.00274197890839705 0.00131111099420735
0.00168266914747847 -0.0118855525031489 -2.05728306921013e-07 -0.00106983007729954 0.00206824642348393 -0.000396375930148471
0.00162764705351738 -0.0103995263411442 -2.63269366626744e-07 -0.000769104210166659 0.00203120971528154 6.40774545767222e-05
-0.0012617871067521 -0.00927890102879084 -7.44569444853394e-07 -0.000821921166878549 -0.000885819888749479 0.0025554248491458
0.000291639892931801 -0.00870114356589668 -1.38821593086614e-07 -0.00071108122817754 0.000321578763533075 0.000571890427049594
0.00175024766124283 -0.0102990300514664 4.30275332856426e-07 -0.00100830256853749 0.00235882541138482 0.000127252421324216
-0.0011712614356894 -0.010397697819136 -1.24510196189864e-06 -0.00108733157132762 -0.001538740999026 0.000316502462698177
-0.00421205183029153 -0.00951833318664659 -8.40226732105922e-07 -0.00111067720587617 -0.00345540318425137 -0.00182997867832123
-0.000324966757466986 -0.0102941380135035 -3.89065102243484e-07 -0.000727741106442977 -0.000390658284558584 0.00202410232534634
0.000199743060769078 -0.00968294068217435 2.35717636792982e-07 -0.00114984806623425 0.000594310454679589 0.000537160720842097
-0.00283341234112559 -0.0100326075208676 3.51890866074538e-07 -0.00142018810398199 -0.00307530995558329 -0.00195446158603477
-0.000959760803299079 -0.00949198421804025 -1.05257128343472e-06 -0.000976727063908036 -0.000869723519515434 -0.00185211568020135
0.00211931628171808 -0.0102733401843173 1.58580062280617e-07 -0.00105161227541672 0.00237396556708468 -0.000213756876144333
-0.000779831644338206 -0.0109046011974584 -3.45435093066408e-06 -0.00112492928337785 -0.0006578102172343 -0.000540508678834363
0.00166694658851134 -0.00984412116838462 -1.01546151736544e-06 -0.000961179356435397 0.00165980186283733 0.000261833041081754
0.000390652225874 -0.0105315885010209 -1.79815359946203e-07 -0.00118063183025571 -0.000397971371667153 -0.000816205756544639
-0.0035276232621532 -0.00960098994107387 8.15995183567139e-07 -0.000847444259149022 -0.00377451460025902 0.00202583680256173
0.00645726785200135 -0.0105216821460838 1.08284350307843e-06 -0.000838397428228964 0.00650677208716121 0.0015389012500287
0.00152466962329504 -0.0110332628198126 -4.96634363294556e-09 0.000848245781177612 0.00218547309065161 0.00529791781649325
-0.000443127843963148 -0.00987331088255368 4.35811434021299e-06 -0.00113515219514504 0.000175223944482361 -0.00118797494235527
0.00133602271431432 -0.00939235456700819 1.84865767162821e-07 -0.0012156630906804 0.00140733589715325 -0.00104546420190061
-0.00131126371392986 -0.01020079849193 -2.0857374524937e-07 -0.000976080741513205 -0.00133681491106945 -0.00350735941323356
-0.00238593790417627 -0.0107266570109292 3.42074146059277e-08 -0.0012486744049969 -0.00145143938428423 -0.00111487689190255
0.00297752836019267 -0.00948215315012724 2.79095103195952e-07 -0.00144439560271891 0.00242553865484943 -0.00115449496874962
0.00123890867751055 -0.00987605683313891 3.19755245099551e-08 -0.00102290303532596 0.00180778684565739 -0.00149733163838788
0.00204982178834433 -0.011332916280923 -2.72390948922411e-07 -0.000833481761595342 0.00182022513606017 9.65917278672208e-05
-0.00295569069591111 -0.00987044268494133 -2.74859356109905e-07 -0.00139157535519037 -0.00211235352219181 0.000640740653737303
-0.000926116769783473 -0.00985522461714678 -5.08103248491184e-07 -0.000869309618361447 -0.00120972274811344 0.00217124096934124
-0.00260742209838871 -0.0100194040114244 4.56905985159055e-07 -0.00116562620311846 -0.00331310295323632 7.190679893709e-05
0.00243288193402275 -0.0101618669037397 2.59601211640808e-07 -0.00120293157513661 0.00343844189732165 -0.00300012334443305
0.00118358221278269 -0.0105355034110472 -1.82682380256637e-08 -0.00120816742390873 0.00167031348588284 -0.00194937028553585
-0.00179391046391477 -0.00914086172875536 8.74958884371993e-08 -0.00100315216881061 -0.000959736208023366 0.000594543078791611
-0.000480862540376068 -0.00972369648754984 6.74318860038121e-07 -0.0010449547890283 -0.00145051558050383 0.00115464858748407
-0.00374576967300305 -0.00988706434366802 -9.06792313773646e-08 -0.00107520036015572 -0.00295775701737417 -0.00114875660509142
-0.000689616358016624 -0.0101588405392873 5.86470894539571e-07 -0.000731336418333077 -0.000787874762881286 0.00306416057752532
-0.000194643626040851 -0.0104304863483523 2.62656869155202e-08 -0.00120145893074115 -0.000291386836964901 -0.00117503181894935
0.000769287840993034 -0.00956025059145686 5.56939220707157e-08 -0.00091028030280902 0.00142302935134166 -0.000157283918485006
0.000675426240020487 -0.0109687635908626 -1.50703573985599e-07 -0.000855602447422122 -0.000650562052869086 0.00191377379334932
-0.000866237130779797 -0.0100820421305803 -3.98082666057239e-07 -0.000936423447345582 -0.000863285952441793 0.000404362087838127
-0.0028734612070811 -0.0098391571958525 -7.37752136526783e-07 -0.00108906923931312 -0.00259069440580654 -0.00243613337885754
0.00515733357871954 -0.00961992847825566 -3.31628030956522e-08 -0.00132893624894441 0.00480540519477747 6.57442591380658e-05
-0.00219443965607095 -0.0105062523403028 5.19645002727597e-08 -0.000959476803586466 -0.000636227932008326 -6.31675590505534e-05
0.000514318902355461 -0.0108588603596116 1.55773534769423e-07 -0.00110725588459808 0.00087642647957945 -0.000530645641929548
-0.00388931827725745 -0.0106843131837963 2.65613412586748e-06 -0.0011307661218305 -0.00337025308198166 -0.0021852574449874
