"drpm" "wddp" "lddp" "gmddp" "indcrp" "longcrp"
2800.21136808614 3439.41325764968 3522.78377813924 3524.6930809267 2905.34570198995 2882.98114569887
2818.82596188998 3472.96775492873 3480.28179296554 3561.75955016474 2942.72054230144 2929.14235303045
2778.87060948782 3414.41673724758 3447.94492929233 3516.88647235611 2892.61118857182 2878.2679546455
2677.40009428781 3406.11306698276 3473.68256520157 3509.4287331646 2844.38846378695 2837.6534783958
2788.52949097472 3457.36041321469 3496.11608173222 3557.36360203511 2927.00419963877 2916.72930552701
2675.22974994132 3365.64565872692 3413.46771638195 3462.42469237661 2846.77894085276 2814.4454958775
2721.88847883263 3457.06881773236 3492.62396574418 3556.1739571221 2905.18715183827 2907.25740045431
2778.21965252693 3396.84147421367 3439.17129224456 3495.36173358208 2887.98982402535 2870.49321075705
2756.37479574722 3420.22241248025 3489.333861569 3509.49329185434 Inf 2848.62040536827
2837.55401856443 3486.72820925007 3549.55999126096 3579.19401851474 2942.48995928065 2949.99694903517
2763.94710467227 3455.83933398906 3505.25255702572 3557.79630710939 2928.87889212932 2884.20430550207
2779.31197039497 3424.37091159347 3456.63891350201 3504.92033287549 2858.58013901435 2853.99896839925
2767.21834905705 3424.0103222258 3478.27732059417 3510.52711922883 2909.63518546054 2858.07696357048
2770.29981843072 3470.12276419429 3457.67921428706 3560.50137994586 2905.22993441805 2911.06635546468
2730.7660366433 3454.13188935188 3511.17811757883 3536.27235816659 2887.84166634212 2889.13412497136
2689.29182557825 3391.46214639343 3483.87226990238 3491.44399355716 2845.04519201279 2818.92697927074
2827.68378098237 3437.20172426491 3494.84783474287 3524.66017825846 2912.24748881734 2883.78955354818
2716.20409593875 3436.59140826703 3500.97850821065 3524.11635037848 2892.88501300165 2876.43270897832
2777.70384795258 3422.07273315354 3475.48601746812 3515.41678439009 2872.01247420778 2873.60917789153
2734.64590921835 3398.20983050838 3435.71232354043 3492.24484469892 2861.70091837525 2813.18285613443
2794.96586925841 3470.25225873512 3510.98245648637 3567.20505430778 2912.41735090842 2921.69379106672
2814.7751206139 3446.12666436501 3533.04919552292 3531.68874469012 2890.75220991923 2886.19648428279
2665.0252702597 3391.91938955456 3367.81626421397 3497.01654062262 2843.88760349075 2827.23188925071
2762.02249351391 3467.54060965001 3514.60181706902 3549.23320883246 2932.96531495599 2898.49932564249
2799.15967977058 3446.0744261604 3453.2577848131 3541.48610378214 2904.91259187975 Inf
2749.47090156214 3425.93660236975 3443.1185805391 3519.75468205399 2885.23940899651 2870.63294004428
2797.98529676392 3415.97041700214 3489.50458076337 3519.38191541552 2904.9877138015 2881.59247312462
4374.90581450672 3414.00487766712 3461.38057061133 3508.72043690548 2864.89732210658 2871.70919110813
2842.3876965419 3444.62957403813 3488.43780256049 3561.18239215482 2944.15921594962 2913.48931445985
2784.79420458883 3440.16607119615 3511.84223796521 3532.47516009334 2922.48742949669 2884.58934689893
2720.12933080814 3417.8996421846 3461.54449588268 3506.76937296308 2840.21426871347 2827.91348850146
2755.33211562745 3453.8672052406 3513.26513447595 3549.6198674344 2909.48936136574 2894.45571660337
2858.34373246634 3480.39585075975 3513.62404546768 3565.4809822729 2960.78575627048 2954.26051404825
2760.50129384719 3461.69805585969 3468.3974548173 3557.03124428604 2936.13234137694 2891.19802587965
2751.69262810745 3402.66623384068 3472.19076193223 3499.47238952429 2887.81498411832 2834.25553361684
2847.54584716581 3451.16872035541 3493.94583801577 3550.77616008274 2921.15696922507 2891.25796059388
2813.0769973835 3404.67437570644 3438.68484357079 3483.98329892537 2885.09131645862 2843.5606384552
2833.74216909043 3484.95583803646 3536.52421582316 3588.31829601996 2960.51577511041 2928.11488572848
2757.47729063376 3421.62412183895 3467.85179466272 3501.75458695221 2898.81768410872 2845.54024160308
2778.02250217229 3450.57817724028 3492.49548420716 3548.77080321176 2915.48237182791 2884.63473152975
2700.04823123568 3405.06794092102 3451.79488320561 3499.65447829086 2899.39423125168 2861.11425478417
2809.42845402215 3425.53300804757 3465.9082771857 3504.50417912553 2907.0949949199 2884.633832029
2898.60670679139 3383.12866658379 3422.30979658669 3478.93073197665 2849.14485092243 2832.37949706721
2820.87464125962 3458.1744272143 3490.65598302654 3563.47538956901 2924.52387802046 2915.41359875829
2847.8532041956 3475.86922587549 3536.90456872642 3573.48467578587 2961.66934385309 2941.85964879373
2843.95464292988 3438.55960702618 3485.45795743258 3542.01835233776 2955.41721043559 2869.9869820134
2807.01451589431 3488.12304031577 3527.43121894444 3592.14985953804 2926.13089129756 2933.16993024292
2780.70555180558 3426.48681909174 3465.63024423517 3539.69330713363 2936.52943923981 2866.27488629077
2829.36863593028 3424.34267214594 3461.65095110203 3515.6091646792 2915.18312201075 2887.21174059267
2673.42904691123 3428.27581376165 3450.6963236127 3528.00504324246 2884.12568617505 2877.16068647835
2813.87171731805 3424.76521133732 3448.016656423 3493.28534163292 2882.20289876802 2881.87136422106
2775.41989260626 3414.27730876401 3471.52174221202 3517.78955097235 Inf 2863.56015732299
2810.3074759606 3424.65880387143 3475.57747622656 3521.92711972055 2902.58820527721 2859.61149120654
2849.820608747 3458.32252866444 3520.35140419994 3565.93764513504 2942.72328376662 2896.14260806978
2766.42512812843 3412.61554134184 3492.82622579434 3495.44519327134 2891.33106378797 2868.05728817247
2722.99215976818 3452.29125788647 3496.12942119241 3564.7274844266 2917.40182289963 2889.62076697421
2857.63864175369 3444.07269753419 3462.26886439732 3540.68575183188 2902.66620826484 2882.69018508138
2782.44602934543 3446.75361123399 3525.88694014909 3545.765368251 2887.40174128471 2854.53276581213
2831.47576864002 3428.41768850827 3421.84085712304 3518.51823223426 2927.45888679875 2874.23362403171
2782.20364316787 3442.97945330694 3460.78209241244 3526.67043285387 2931.39201665678 2901.34244294514
2711.5238062655 3408.11127421903 3498.49407971861 3502.06943801991 2839.14054108029 2817.61202986657
2832.49313478031 3412.19650754646 3476.03043731897 3498.2321216156 2871.39674810209 2846.88627616497
2750.42954525838 3415.06703622267 3477.32545648957 3507.17759548885 2861.72320597427 2850.73157088691
2777.02002681055 3441.08925182071 3499.64280217953 3518.06666400739 2920.22029261457 2880.58239823267
2724.87464363569 3441.90088144507 3420.26842078612 3529.84259917038 Inf 2869.64023102665
2851.42134790661 3473.25840132806 3474.39221456133 3580.93961073916 2939.81992896543 2928.1878659447
2886.82467435187 3438.74794521611 3492.83176388341 3538.99585755984 2897.85068505072 2879.20677774786
2777.65429821745 3409.86931012079 3470.57092926096 3501.35256642166 2920.77471315523 2875.89673723606
2726.08883874963 3420.31439566888 3430.37527110492 3516.49066763402 2875.18237583889 2862.21661710159
2794.81477540774 3387.66111605307 3429.62211523605 3470.88072576902 2863.50968105534 2829.36890571245
2813.813098888 3472.47202172932 3502.0280986037 3563.00259335438 2959.81723513492 2913.90931495553
2704.79770488678 3404.02026549426 3462.93941241274 3500.10869239006 2851.61968101933 2821.44648895957
2765.9318915699 3430.43821296771 3483.78675678133 3509.06071432118 2895.57645412848 2866.4082915618
2848.90048957678 3412.63440535181 3465.50716521154 3510.68005435134 2925.77034687704 2853.39119232834
2661.88740497062 3413.94613300269 3465.48070908343 3516.82745603945 2854.28395750407 2823.46572886643
2747.80253585267 3425.6472038245 3447.09348068812 3522.39770177255 2864.30497977179 2873.80035878853
2761.75736187031 3418.36041093388 3457.00808516998 3511.19974096827 2851.26993905951 2866.81287005314
2810.91682048397 3433.7099304355 3485.90425922198 3512.45959476523 2891.96909730085 2877.30087587377
2807.67614277865 3408.74492345923 3454.06480897892 3505.63934717263 2922.1947733402 2859.43102004424
2888.77314818669 3489.32906221283 3507.4145404421 3577.97795964729 2992.85653409788 2940.34428900227
2744.48095416711 3432.143317158 3437.84481210271 3523.48429053289 2898.30868488568 2801.04268446688
2786.76839307458 3408.34472132087 3439.98546954218 3508.09930845132 Inf 2890.13362543831
2807.50520246097 3441.18396553864 3479.28737932815 3529.21836086438 2916.8246251504 2887.17956806785
2780.29781023269 3443.95094541819 3510.63675059796 3559.65654112293 2943.9188034625 2917.69112928918
2777.89573251423 3433.86031667638 3499.74339829 3519.04955561453 2906.06578054617 2874.63188154393
2803.59544888538 3433.10394251479 3482.32253747227 3520.31632806406 2895.79806936646 2870.75719368253
2766.6157153012 3447.77629777783 3506.07766811893 3525.21286892732 2880.59095110678 2884.95204565434
2776.18272131193 3488.29946594627 3529.48616996939 3581.75074737537 2967.99189551329 2908.7747625151
2831.95164950279 3414.364043445 3436.90222173471 3506.70328993463 2926.74285673251 2873.91996544928
2900.76469087967 3416.7005193592 3477.71351103743 3496.15916980455 2910.82620085217 2855.63241456018
2829.75199475793 3468.61826638977 3513.63103566895 3574.68239202483 2930.14279584813 2952.36375766226
2717.1211777266 3381.25451198692 3421.57280205593 3489.92117907105 2841.3482517605 2843.18067203696
2737.81170987943 3416.68603720022 3466.717634278 3503.64496584768 2858.45695281664 2847.30763670063
2734.78866246815 3433.99413580722 3464.5372826973 3523.85483956977 2880.93941966659 2837.53850113964
3065.61366730162 3467.13745006334 3534.08621497134 3571.3056003475 2998.71519259062 2916.79870661003
2775.6909283666 3447.59328240426 3497.48625450378 3528.09740856368 2902.23695229898 2884.41181512408
2712.52815845513 3420.37953260951 3469.27029094531 3526.73669830237 Inf 2852.49106937789
2900.20793511672 3446.52202354666 3498.5496076105 3541.40419698809 2905.9774683689 2890.52157629645
2849.38942543266 3475.95280641446 3586.13126120069 3576.01424014837 2931.69717503727 2904.98346580305
2817.73567249933 3443.8235715067 3465.06013722969 3539.29480626323 2951.46387742363 2873.97718178611
