"drpm" "wddp" "lddp" "gmddp" "indcrp" "longcrp"
0.60728299298473 -0.00728542101931939 -0.00364026299470411 -0.00213886444237501 0.334074542956599 -0.00155913529502389
0.568298971558114 -0.00662100401682533 -0.000590622151997029 -0.0024050121007367 0.293079980785851 -0.00175410436737407
0.540328800899996 -0.00803118084963345 0.00577751759898429 -0.000324509969429256 0.289592085673983 0.00383351930283563
0.618136567620807 -0.00581439312468446 -0.00140272464618004 -0.00395878156538849 0.337869494437383 -0.00286312211754406
0.616565385732287 -0.00692892623522738 -0.00213582839617002 -0.00297713832208172 0.332731961976086 -0.000109066287909473
0.543537410752107 -0.00625548976300435 -0.00351633005947674 0.00132446167605232 0.303935433023184 0.000346410187519977
0.567982942975471 -0.00591142697470705 -0.00205640600569972 -0.00268478981864786 0.317513737124064 0.00157522026723077
0.559021216167964 -0.00216690637964093 -0.00311738516950005 -0.00293355694079094 0.301852296530537 -0.00549553009912978
0.5447767546191 -0.00641033100181233 0.000737745679632726 0.00124759149576651 0.304742022382396 0.00564819829240479
0.433281247877719 -0.00509196600569425 -0.00170628028409676 -0.00144604938141234 0.292873607693053 0.001488895152629
0.612478606123627 -0.00403170898104876 -0.00300718426818973 -0.00341206978883943 0.312820237884197 -0.000900932840629644
0.621645537424289 -0.00426583080792558 -0.00378549640457031 -0.00262270235715079 0.321624702251929 -0.00263083518883021
0.590665299218585 -0.00533428935935228 -0.00382291523391518 -0.00174997672464244 0.308902204501667 -0.0011748897062849
0.60535200222013 -0.0049725172133122 -0.00137392294031022 -0.00149185068486665 0.314382538325725 -0.00126125229971265
0.610367809154388 -0.0052651204159917 -0.0020889689855605 -0.000708672899762782 0.317265825970436 0.000596899770164767
0.599043770781688 -0.00770216144936229 -0.00175968729131706 -0.00192296648487571 0.306098891494427 -0.000632885388802584
0.598014707984176 -0.00502939072973599 -0.000673601629595175 -0.00421294203570128 0.321952748107042 -0.00262758031837086
0.608256941584959 -0.00488424491690234 -0.00200187964895312 0.00251179276597958 0.322168162907323 0.00421260240656371
0.58062463382735 -0.00578865667351613 -0.00237310053302702 0.00123280569892209 0.311886072928149 0.00148320150937908
0.508196578955322 -0.00481976149187027 -0.00619388147264647 -0.000402327714854863 0.313212770159288 -0.00109164759389546
0.62020969123303 -0.00589977640538573 -7.19226097832653e-05 -0.00190884911629447 0.302652944597454 0.00115304842359922
0.58646620372035 -0.00682117901794774 -0.00369211422709852 0.00159781330424575 0.312928073277897 -0.000686010659958487
0.570279283349687 -0.00229996629357347 -0.00350989758932418 -0.00230028450226375 0.299707446931406 -0.0048810556335487
0.599421735349093 -0.00154927906103987 -0.00206812691373601 -0.00261059015756732 0.339130757882878 0.000502566573018529
0.62561284146572 -0.00590939172250983 -0.00109968572152473 0.000205830541812567 0.34533484472882 0.00290282076808701
0.588019698595688 -0.00748289956979707 -0.00184420413838193 -0.00205658788781697 0.312931560910055 -0.000501720457215887
0.62282219590478 -0.00497659807102483 -0.00195491797440524 0.000228692077940245 0.335395567347695 0.00393726192173092
0.60557859452232 -0.00442570084050082 -0.00230590157239768 -0.000310331992389859 0.307311445569797 -0.00308503530029781
0.633395704801001 -0.00584746002909752 -0.0016701582487139 -1.96379554328187e-05 0.322156908625965 0.00213004415746541
0.656115511874475 -0.00364843627399499 -0.002184894857078 -0.00177080166122209 0.327076926859711 0.000984134928742324
0.598944197912032 -0.00608555798679894 -0.00102953537070999 -0.00219010409527397 0.334215445502901 0.00213121950913395
0.663676193711439 -0.00173047935675967 -0.00560853732726498 -0.000301587147512802 0.349580695612652 -0.00137607474629172
0.542812114090684 -0.00411769864002161 -0.00324381439388239 -0.00212230360557181 0.325601053171256 -0.00294952310640289
0.555519014943328 -0.00390188634685976 -0.000887830391901924 -0.00246876952141881 0.315474936780589 -0.00365610020099301
0.583848600832498 -0.00539851435656213 -0.00456926489479771 -0.00281408793175057 0.331744917910024 -0.0034266195537461
0.593239934042958 -0.0050153673480864 -0.00179499155213356 8.92513843349542e-06 0.309493615212976 0.00428433464810754
0.50470659938561 -0.00653402592969164 -0.00131887006504512 -0.00488497509533435 0.292279560165731 -0.00125931655072671
0.514202076616855 -0.00651104366638477 -0.00196187020886944 -0.000169471400158211 0.300589810415196 0.00353772834055763
0.588063475286258 -0.00451885812442809 -0.0020241170925148 -0.00132048158275166 0.317584136115103 -0.00025381653126726
0.500644132877055 -0.00543642206120283 -0.000272962901433602 0.000240074159798438 0.316581274528699 0.00176774602779054
0.587769604646264 -0.00826718379660861 -0.00283447079984809 -0.000283785132458248 0.324688652199339 -0.00156575735590577
0.570873269276634 -0.00688295278138402 0.000798575520656948 -0.00192109342508804 0.311999536907561 0.00520149517449272
0.637683441701468 -0.00956342595664601 -0.000579280460412111 -0.00298700894875776 0.310818122725672 0.000433852235057959
0.551652288063881 -0.00998837167347244 -0.00141939378667448 0.000711064419243411 0.305220794374156 0.00636276583070682
0.628057075708048 -0.00316263868154064 -0.0022547468797324 0.00120883719169139 0.304244066167905 0.00429549267847943
0.614492050951909 -0.00393867201907285 -0.00124607095697568 -0.00391592543017534 0.334064847028302 -0.000828901357184249
0.595090827498652 -0.00613215301087013 -0.00148400923959718 -0.000722777769066276 0.329877954460428 0.00328480416428837
0.590742215918099 -0.00383762565588843 0.000503364027063845 0.00495868240154829 0.340323680110982 0.00948987062607389
0.578988719440308 -0.00542210876937638 -0.00108925237584375 -4.76744937281024e-05 0.31681150943732 0.00123324684963834
0.583980354158343 -0.00717660741989317 -0.00137477262084589 -0.00161179579347581 0.323287383435777 0.000159767147758235
0.612200281393351 -0.0055341570212474 0.000723148348090191 -0.00541602485612403 0.300020409954042 -0.000446639184455425
0.533048137548812 -0.00741295347240034 -0.00109094830538698 0.00195675497120083 0.308367725618982 0.00554950103032505
0.61942546908419 -0.0057916446726045 -0.0012479693970658 0.00092120496781911 0.321793919231364 0.00442454879125621
0.576180321359487 -0.00586042737592994 -0.00198641178838676 -0.00297924300861683 0.304568255718027 -0.000721309737028492
0.420132210230009 -0.00423141137535563 -0.00107954705273441 0.00130281698916157 0.315079464240143 0.00121004400875788
0.528917581725939 -0.00489427436885446 -0.000670662696403233 2.99583324739125e-05 0.324517535425932 0.000326399781897404
0.53580460094291 -0.00397070721864693 -0.0021703691716379 -0.000713313839593234 0.301357409794475 0.00138690816218524
0.547111278925509 -0.00374324264801672 -0.0023858664412743 -0.000531553200756448 0.344194939759424 -0.000189566834569305
0.55783974746204 -0.00595881520798122 -0.00147121813659942 -0.000311632146122925 0.307713515744317 -0.00062365480083244
0.548867307751747 -0.00898316235167152 -0.00269093794014195 -0.00151199213144295 0.30652902023577 -0.00218632398170606
0.637135403093451 -0.0088613544254037 -0.00138483138151889 -0.000261436202147868 0.305125036438073 0.00227441436664508
0.54461117689172 -0.00567217508214378 -0.00123437869416067 0.00297200261201326 0.308630671824759 0.00666080957841347
0.566044065262861 -0.0087621427214041 -0.00104320548091609 -0.000609750718390467 0.323960729351219 -0.00185459471626291
0.395398293057027 -0.00604348145664035 2.51924785455605e-05 -0.000873739219857149 0.345854987847896 0.00175131991291537
0.574614596279472 -0.00324659130305015 -0.00608141348114825 -0.00542098219473629 0.332997427730555 -0.00883014897843313
0.564708157262164 -0.0075131328304699 0.000465736390420844 -0.0057454485691125 0.303215206029235 0.00424399275599602
0.638865725747381 -0.00422889518493084 -0.00342233911886186 -0.0030930873939917 0.323501671342964 -0.00313805636579743
0.604149022030349 -0.00770586371303257 -0.00277155474055235 -0.00320847845612376 0.303067877296618 -0.00309974860915588
0.599856426142797 -0.00650891223605196 -0.00118163906791919 -0.000883370042694526 0.335363431764353 0.00348770754252784
0.584011904557129 -0.00829506148513532 -0.00152800137712165 -0.00062517678604157 0.346322936641441 0.00203176219419006
0.590453042135258 -0.00591078401804137 -0.00224452796228959 -0.00176491647642438 0.339558643388571 0.00160021945741885
0.578351157117739 -0.00408493632541364 -0.00332974612876859 0.000804107188687687 0.309965902703103 0.000306441973531394
0.576893425050119 -0.00547191982953639 -0.0025632761387122 -0.00159425990945503 0.308815699851453 -0.000933784736719652
0.540018258431447 -0.00542560566191242 -0.00198489077838012 -0.00340029825731984 0.30214483340973 -0.00179909486737317
0.607575556505152 -0.00364662023302164 -0.00324936172474332 0.00124431800232697 0.323492821472332 -8.4242279875644e-05
0.638976855120944 -0.00420607945443961 -0.00380742120152185 -0.00473862258478794 0.339422296739677 -0.00995450304384599
0.616783110208729 -0.0057900823578295 -0.00196424431340748 0.000281332353059472 0.326349143656932 0.00426120744207449
0.526199687816788 -0.00732378429058652 -0.000524902055048392 0.00131500994797784 0.317948491426256 0.00495671131770517
0.528421059414567 -0.00548857383710335 -0.00117750002392784 -0.00211692884882399 0.305431263564006 -0.00169962404728075
0.573278989536801 -0.00428535849574751 -0.000682385342567585 0.00602428481840876 0.303322907700913 0.0056777940806511
0.663947403567165 -0.00731709502405273 -0.000640871725990207 -0.00248174908218223 0.298070465053294 0.00197767570789314
0.56960702992445 -0.00650951023145896 -0.0026552400299195 -0.00509909068075865 0.298676663542101 -0.00312300517587304
0.626069468585474 -0.00536334135780092 -0.00149832519397575 -0.000306432651967276 0.308481694962305 0.000540953818227407
0.620262159722568 -0.00680418512731957 -0.00167678675178536 -0.000981891160739801 0.316501843078761 0.00295030707633077
0.623344050379793 -0.00541107760984801 -0.000850950979471933 -0.00245102644119425 0.33748155933686 0.00217828011762311
0.596388958902969 -0.00914771317953848 -3.61897273212734e-05 0.000973067827581912 0.334438809078162 0.00610157222806202
0.612521092205898 -0.00427132550308593 -0.00329874795293533 -0.00291419303208167 0.34468212894205 -0.00835374806996898
0.565932019372067 -0.00526602391389993 -0.000693193440310668 -0.00144416130002273 0.297532677113059 -0.000700243865687752
0.6441802361243 -0.00800745158340235 -0.00169494075579045 -0.000164346911527457 0.341132012215915 -0.000229185888702782
0.625169889164336 -0.00440663926530496 -0.00194402286682409 0.00152342568827631 0.310469045452934 0.0013656376019337
0.605889285365592 -0.00333433942080313 -0.0037081901233821 -0.00552045736346288 0.317070776936751 -0.00367493913592131
0.506091458190299 -0.00658375309935334 -0.000856005306635729 -0.000841660788959309 0.29994357347825 0.00478236600062259
0.595679336575553 -0.00342929487834219 -0.00120103443479741 0.00487383585933703 0.354875091985665 0.00433142993121188
0.528590687600166 -0.00616226728463306 -0.0019189253047901 -0.00415045329299265 0.310056462798472 -0.00365387203418112
0.598978973097065 -0.00539805977389879 -0.00215404732289857 0.00156462462911339 0.33279566659767 0.00176981174622285
0.536835567186068 -0.00554701549750993 -0.000244112305446646 -0.00305506937804916 0.30386185201487 0.00492965662579773
0.529268457875292 -0.00546957095847059 -0.00164676809286997 0.000321317695438001 0.287118043491113 0.000190559582572489
0.612703280894361 -0.00917759673133438 0.000824941942879716 -0.000847849537280364 0.32480682178194 0.00399963231805617
0.616974467800626 -0.00607797896666467 -0.00276409425289044 -0.00102792035301942 0.321189738983783 5.50344648911415e-05
0.623564942489235 -0.00793877432788134 0.000226153974737117 -0.0033287915072397 0.316113708109063 0.00476781656683405
