"drpm" "wddp" "lddp" "gmddp" "indcrp" "longcrp"
0.0155657424061717 -0.0116487706246073 -9.34788934952415e-05 -0.000301781258102718 0.0146697303824082 -0.00279314060888164
0.0273758691000342 -0.0122365653771537 -0.000153489299139875 -0.000312256807435462 0.0252131018160031 -0.000140647652242896
0.0209931988345173 -0.0119407254393811 -1.40078462382119e-05 0.00260480457390026 0.0211289723928541 0.00473922288736933
0.0130338649313404 -0.0111024629048146 6.62916019816252e-05 0.000622258486376788 0.0126317612390374 0.00124267521257665
0.0212570106134748 -0.0135377509557585 -9.83618656187491e-06 -0.00028261006531341 0.0211082961683593 0.00588738728954777
0.0203850553773901 -0.0134281122043065 7.92991524504886e-06 -0.000118073131842349 0.0205064735931957 0.00355949956204632
0.0253470054853557 -0.0135917469335681 -4.00575900988076e-05 0.000281107813744385 0.0211171707198277 0.00142835115121235
0.00578167840421675 -0.0116692831409302 1.38044063441676e-05 -7.9193209511226e-05 0.00619084393436165 -0.000775531873761834
0.0194351837682123 -0.00969857596331353 -0.00015325302801573 -0.00103226797369255 0.020717529665669 -0.00395746088318559
0.0214197834072249 -0.0133964762491907 1.43482745095944e-06 2.0887650798036e-05 0.0177651118789358 0.00266959860637915
0.0277407551238748 -0.0135145759916772 6.53069681424669e-05 -9.19232899324327e-05 0.0269931698454927 0.0065273443374813
0.0108085972976872 -0.0119523067400261 -0.000499437703493347 -0.00507721680407043 0.0112330888856378 -0.00418146924277482
0.0150321104140077 -0.0108134118267361 -0.000134385207964623 -0.000568347120558887 0.0147981526591674 -0.00215043396202107
0.0246057920502294 -0.0131482426973373 -0.000942252776257402 -0.00235016003051828 0.0257541262483117 -9.13446706490602e-05
0.0223027403017831 -0.0113151907668075 -6.04487544422317e-05 0.00217003111590595 0.0217844499472727 -0.000159196808585158
0.0104317880300216 -0.0123218002580296 -8.65930795991211e-05 -0.00190539699623974 0.0126438433591998 -0.00247234656961598
0.0107818969114574 -0.0101713336436281 -5.18476408041083e-05 -0.000478125088857185 0.0113637928768012 -0.00139960798669693
0.0208491079404418 -0.0107217865215099 -5.79665665942509e-05 4.47380016390379e-05 0.0191640035284976 0.00502521807322352
0.018664594791983 -0.0126800711964804 -0.000159810698151537 -0.000223440941809908 0.0181523108056052 0.000839271904914128
0.0168006380574951 -0.0111294229571071 -3.19120838601484e-05 0.00028067583069442 0.0171321328359832 0.000886091068236326
0.016578405368736 -0.0117245417376051 -0.000284372550063255 -0.00234191864865512 0.0159296818229765 0.00165137851065394
0.0221690809860351 -0.0114533998810222 -0.000142209872283053 0.000210102359752841 0.0208329698161672 0.000638391614035929
0.0189062658121837 -0.0139940290748354 -0.00147446100260243 -0.0029243677210993 0.0186565204587409 -0.00421236832239321
0.017077957334358 -0.0102298923194631 -0.000164863423794793 -0.000769275597000964 0.0142950968431352 -0.0023873643997231
0.0258985968549512 -0.0113475687740141 1.88778689783701e-05 -0.000391320839543339 0.024740603490822 0.0011266711915394
0.0226179510513386 -0.009825278817983 7.75397261356973e-05 -0.000367189902780839 0.0188587275925895 -0.000636543162068867
0.0176163802602512 -0.010946007815443 -8.91580330950452e-05 -0.00178165185535849 0.0183635077140389 -0.0025384483382925
0.0138231723343114 -0.0117468652451204 3.48303830161948e-05 -0.000575617017799606 0.0127634522267392 -0.0022119831561791
0.0201284213339533 -0.0089613258674819 6.88710071398026e-05 -0.000488106538796697 0.0181506064948593 -0.000854791032788889
0.0128220900333834 -0.0112236583909476 -4.63568559029414e-05 -0.000612967847409003 0.0133333561790212 -0.00144785280852291
0.0203441756007485 -0.0118132944903348 -7.03632221196408e-06 0.00128282593014593 0.0170849748109387 0.00114818557693211
0.0141038026512945 -0.0105465034021028 3.10875148917605e-05 -0.000983677508545057 0.015274225179569 -0.00244489629517081
0.0137233743240564 -0.0108201618203079 -9.012860147918e-05 -0.000343280708336553 0.0133543051957275 0.000464920514682138
0.0158319321062407 -0.0125700949806112 6.41154237506302e-05 -0.00095263133693923 0.0151353189150931 -0.00244266389714287
0.00351897228864094 -0.0128080874649224 -0.000108202455700845 -0.00086262486727745 0.00652919963421722 -0.00462203013286445
0.0136009132746576 -0.0125699941723183 -3.15465190303953e-05 0.00086444371993193 0.011290491446512 0.00152212301230724
0.014160083219498 -0.0097331799313517 -0.000170401778943201 -0.000279110114070177 0.0131503510849763 -0.00139859248054481
0.00990849138388882 -0.0115200391668358 -2.69894461964948e-05 -0.000374115656333764 0.0093950869243383 0.000388112217823633
0.0289514187783001 -0.0116185885573487 8.48606985278797e-05 -2.18433317780342e-05 0.0248183864306005 0.0094289300394115
0.0114234055114868 -0.0127884335196933 -4.3460297348219e-05 -0.00130089188305749 0.0123961869178724 -0.000751530988104776
0.0153295580048318 -0.0122662298535431 -6.18160258771929e-05 -0.000499484157227399 0.0148477348703164 -0.000901990457888063
0.012622268065306 -0.0108171593297512 2.30314599150887e-05 -0.000242597300655429 0.010397119332374 0.00313626378429377
0.0205533032545511 -0.0122353118192592 4.51670442110274e-05 0.0018386514188583 0.0197042104968715 0.00448118068431385
0.0161590455639323 -0.0107871385267963 -0.00019104729127943 -0.000460467396689933 0.012927036788689 -0.00181316944308195
0.00789989560289197 -0.0110562268909577 -8.07215530882652e-05 -0.000385640861696042 0.00716607602653493 -0.00159983960538194
0.0169998184575495 -0.0130181248188358 4.00329123138373e-05 -0.000241114745533848 0.0165388828546606 0.00561608431315349
0.0250847992359847 -0.0112506589772041 -8.02107040490883e-05 -0.000158946662428354 0.0223206373952692 -0.000391836273787297
0.0264244500963925 -0.0116669960799003 -7.33084174093594e-05 -0.000239903466901667 0.0277013180569795 0.00075361422778292
0.0139606788000057 -0.014151090536352 -2.00237571953624e-05 -0.000231835303486016 0.0127123768858584 0.000589086018530599
0.0190527237248423 -0.0104078980792599 -6.38984217887017e-05 -0.000452898089474268 0.0185366188087437 -0.00170512411932701
0.0196564180694501 -0.0112344912954282 -0.000143321941016559 -0.00044219887675356 0.0188964526891301 -0.000464131183614592
0.0136266133528915 -0.0113885361640059 -9.62392979318923e-05 -0.000699693218605716 0.0131030493301806 -0.00333117922342532
0.0175779092980755 -0.0120773254113972 -2.88547846549961e-05 -0.00124496472851188 0.0165600721449439 -0.00229775566782531
0.00881505052234188 -0.0122002164035421 -2.39362135265612e-05 -0.000388514101491342 0.00942035730723933 -0.00140583626022538
0.0140257457811635 -0.0120690966308629 -4.62077360638468e-05 -0.000432325785006164 0.0123416031542558 -0.000256488763966689
0.0219762145104211 -0.0119261082024096 0.000147554363497617 -0.00010365888546847 0.0222614769467438 0.00186093878737074
0.0137450416961865 -0.0114786998615968 -3.84511639276829e-05 -0.00036999315924986 0.012935189434527 0.00183004843984879
0.00602779281769053 -0.0111034353018646 -9.45338897569139e-05 -0.000470587858513772 0.0055045132710297 -0.00362892342816212
0.016891305478398 -0.0101470524139084 -0.00032184322589508 -0.000359980219193487 0.016443619425957 -0.00116404567128652
0.0267299871689346 -0.0118306135070164 -0.000167814102951471 -0.000450777446335187 0.02443782928639 -0.00209218918805896
0.0154651779511227 -0.0141458632062435 -2.84055936356045e-05 1.05866571497018e-05 0.0160133501662295 0.00216991034387855
0.00567376055516613 -0.012212222719741 -3.19296088386566e-05 -0.000533046008466652 0.00556552983879293 -0.00188934928615204
0.00714406722539239 -0.0121892921129062 2.48318889851253e-06 0.00113815511403782 0.00725476210187472 0.00455019193216286
0.0212192928754998 -0.00893452359560589 -0.000393711318410977 -0.000323909863928981 0.0153766508950302 0.00160079362615222
0.0195704176951865 -0.0106189244171638 0.000643476119411387 0.00522115936993129 0.0181995445241342 0.00287952169874852
0.0443116173925654 -0.0110739875569547 -4.85187013465931e-05 -5.26597965700469e-05 0.0385176192876062 0.00435761822622613
0.0231888213079041 -0.0115572258516989 -4.44243183867315e-05 -0.00020426298715605 0.022979583226418 0.0005021568082841
0.0131966615224142 -0.0112984570955872 -1.2451652355682e-05 -0.000480593226154266 0.0147370468007872 -0.0043712881693917
0.0167810482725551 -0.0109438701736982 -0.000103602150443591 -0.000400576099276239 0.0137427561163762 0.00138709446603064
0.0165211419602345 -0.0107486775943653 -8.13779768200051e-07 -0.000472307434330349 0.0153418269620894 0.000990970431070075
0.022073606514096 -0.0123531296852022 6.64163739490279e-05 0.000523852751607051 0.0198065243166776 0.00304140706733935
0.0128187960577911 -0.010668252136873 2.99704104647916e-05 -0.000574522013771733 0.0122141263029245 -0.00176776126708977
0.015572214808298 -0.0121632208938755 -1.46979391063638e-05 -0.000564405121690896 0.0154960974952901 -0.00288831601849633
0.0217754056091196 -0.0143897846307685 -4.95337276892387e-05 -0.000292646481933407 0.0223982721618592 0.00178676226464326
0.0209418806365543 -0.012432464094424 -1.5519199378869e-05 -0.000462844998182379 0.0201434521167005 -0.000901861937785787
0.0141214356479314 -0.011791738814639 -0.000283616092813834 -0.000680962265188505 0.0152281489563135 -0.00230214885204839
0.0174105666443249 -0.0116595198430881 -0.000257964245010437 0.000872217163951826 0.0143712124926122 -0.000227187195568827
0.016901369638014 -0.0121853199849241 -8.13151858703876e-05 -0.000496985565839697 0.0168921730092307 -0.000641326277916811
0.0128035732372671 -0.0112435801117138 0.000172558247036732 -0.00037028702308802 0.0131164263622224 0.00569411513592261
0.019090191133941 -0.00885793712899261 -2.55070525840652e-05 -0.000402402027184066 0.0191295271156039 0.00166193447768784
0.0236814780867062 -0.0130393288323682 -0.000107400521752602 -0.000399580319201149 0.024651921487904 0.000479351840316394
0.00746401225470938 -0.0110678169431537 -5.21463882311409e-07 -0.000485122263761034 0.00854627040056426 -0.00110798636634306
0.0292643345181335 -0.0126867725343368 6.47847172865059e-05 0.001578063346809 0.0290071478168973 0.00350445645088925
0.0212844654767965 -0.0122058731603347 -4.09007420852968e-05 -0.000273539802607078 0.0199532449401645 0.00258702459324588
0.0085350069374697 -0.0147616791079864 3.4009459920581e-06 -0.00276441111389285 0.0100646161899149 -0.00175676366370822
0.0168748224679384 -0.0121559828822992 -0.000100056526660081 -0.00182153179479252 0.0157313313679051 -0.00445834453920544
0.0147706692853154 -0.00991495066314783 -0.000123164607236567 0.0015261580548845 0.014498657345367 0.00289073849104983
0.0243049781402828 -0.0138319200262747 3.46623189535071e-05 -0.000462153491130177 0.0229376383322198 0.00334683583284943
0.0185990747493899 -0.0114191084374303 8.72987335963885e-05 -0.000423925675044474 0.0163525223354366 0.00156213599613555
0.0149003386868763 -0.010563987714611 -9.07421711078853e-05 -0.000473077778495249 0.0130125569577461 0.000748600143787753
0.0220955678818662 -0.00958905052302078 -6.91707233570674e-05 -0.00155703659171752 0.0242063190352186 -0.00142747991401829
0.0121805341452301 -0.00930639234403255 -4.63649257951638e-05 -0.000313258352656825 0.0105220600242541 0.000464509712303303
0.0232575464161907 -0.0103039077756938 2.12054061091824e-05 0.00430287222351325 0.0238789981449983 0.00490094118466148
0.0125839178507573 -0.0107791394770759 -0.00014521995091721 -0.000525058579330123 0.0122654686413485 -0.00281072355268369
0.0185711580718182 -0.0133075505965707 1.11609986525155e-05 -0.000309773466059414 0.0169844608494126 0.00397343950734015
0.0124392351811082 -0.0116698901481603 -0.000215288719097207 -0.000502732659652697 0.0127769874467825 -0.00245095879785702
0.0247722538640577 -0.0127950656391901 -8.6638637987808e-05 9.71095323338851e-05 0.0233254724240395 -0.00039073067750937
0.0299264888114294 -0.0112559757295303 -2.82355980874785e-05 0.000593072850670627 0.024819663814368 0.000519996070609761
0.011372047310568 -0.0139284542789048 -0.000113922815006342 0.000936739661782833 0.0107033332684248 -0.0022481275257757
0.0114928542515184 -0.00968898705816397 -6.7955375499015e-05 -0.000279436437888315 0.0108965571314702 0.00165946633417704
