"drpm" "wddp" "lddp" "gmddp" "indcrp" "longcrp"
0.886309786171596 -0.00919144474558527 -0.00163517968551366 -0.00360037045338648 0.40184841852582 -0.00112049571928386
0.920908911428241 -0.0100554792083965 -0.00120734449049804 -0.00258227167294122 0.411224490970774 -0.000942401985632618
0.905125701059377 -0.00876674963273443 -0.000828329736211054 -0.00342163470450575 0.413754034125062 -0.00133078528596811
0.712383982026458 -0.00868291785524158 -0.00339051554665935 -0.00243910386385377 0.415225525694839 -0.000899355387632139
0.745424052256478 -0.00800916577174975 -0.000414464557845192 -0.00170895146518499 0.423221431139648 0.000421530377768207
0.806746551974161 -0.00908521734778281 -0.00237761323736229 -0.00333776005093452 0.412772964167609 -0.000202668325009046
0.74961869351803 -0.00864032765779601 -0.000807146818835079 -0.00155931029207856 0.400753541026756 0.00183161414858862
0.817224099097394 -0.00854794664022274 -0.00167383489712038 -0.00268479622254939 0.398420810709436 -0.000185580112063561
0.816471655768786 -0.00882946612113652 -0.00284290001833914 -0.00260852684030527 0.417201138426582 -0.000897224654706763
0.808813201939717 -0.0100401272827238 -0.000803450690207061 -0.0024796985466926 0.414487123000551 -0.000885217996461952
0.734956635759283 -0.00895666218573348 0.000590791864075829 -0.00115563407701881 0.415486918754231 -2.76316839745641e-05
0.927451774271169 -0.0086220893807666 -0.000917585008006387 -0.00267659448550458 0.403218172828872 -0.0014299926784734
0.775763112774086 -0.00899181757025109 -0.00263870503405607 -0.00375687433462526 0.402130520088241 -0.0013615877106049
0.820459295732943 -0.00943609434719776 -0.00208799963659694 -0.0028985089505144 0.407656883839481 -0.00119260549643735
0.78631536584644 -0.00923694423626673 -0.0025424031479356 -0.00258497228113946 0.4051055919693 -0.00104641586004309
0.925569720877756 -0.00909090476692799 -0.00139540499474149 -0.00425954351427183 0.413819906444746 -0.0022663015516523
0.795573419109355 -0.0083144516107637 -0.000773950785624995 -0.00205632052475355 0.402307590950063 -0.000190619408019179
0.823278432813915 -0.00786379967644678 -0.00244879188879874 -0.00246691599318239 0.410809773982082 -0.0012441886605396
0.904673046207597 -0.00915557332643198 -0.00188443596076353 -0.00236813852719019 0.408537594000549 0.000801470301140631
0.836180494172637 -0.00986557236131886 -0.000210273702398974 -0.000415226140692039 0.40273232073398 0.00120833025195918
0.879190656251693 -0.00837148611361562 0.000317630553836857 -0.00231651372682545 0.405441052695508 -0.0014613525991362
0.820625297246898 -0.00886308549361103 8.36224303084675e-05 -0.00115881249639299 0.4093875507633 0.000238839724837329
0.914302168047327 -0.00717340175550562 0.000611054966886126 -0.00150108436649591 0.409623069569635 -4.73956630854672e-06
0.900180702117025 -0.00893529398060772 -0.00168779960847865 -0.00173897212605804 0.396035536192573 -0.00094133007873708
0.742400181766987 -0.00883745585403624 -0.00189482926586801 -0.00214014877165359 0.398551175853724 -0.000659708269168894
0.914760043972983 -0.00870635592641383 -0.000991090527668432 -0.00270737177007615 0.411387613017223 0.000272656623005689
0.781797577828762 -0.0093257415746893 -0.00179300088630034 -0.00281960182506056 0.404741622893355 -0.000288938397775622
0.810412847013203 -0.00951432329782987 -0.000645769994256326 -0.000845629329955731 0.405068831823322 8.21097926985872e-05
0.746826034597947 -0.00889930070176842 -0.00175448001514972 -0.00377604340410661 0.396598058257334 -0.00203680700837666
0.827794480997517 -0.00862473008195594 -0.00142312373700765 -0.00259733191082397 0.396074014286248 -0.000854381700165302
0.900476166328792 -0.00844065231440807 -0.00330995669480773 -0.00383090806687218 0.399468523765723 -0.00251110104056496
0.828283918387804 -0.00858176954974792 -0.00183962321665241 -0.0025576589389505 0.405766673366251 -0.000256545312342667
0.824707656015552 -0.00793326558816864 -0.00210957881420976 -0.00338910907760577 0.40606984774015 -5.56758171594845e-05
0.925188642764478 -0.00926817930235154 -0.0017147657155485 -0.00348861729014532 0.407041334073132 -0.00176682183629498
0.744265037100234 -0.00657031960809023 -0.00331404451240626 -0.00256027110832269 0.404640527912938 -0.00117545091431734
0.913111573850471 -0.00834158596697643 -0.00299619187284733 -0.00372397493636498 0.425401787313055 -0.000910880695583126
0.857780187237052 -0.00844256453591113 -0.00416575499043591 -0.0032209505205453 0.41295541601262 -0.00212238588067796
0.706958160140846 -0.00837403466537331 -0.00441703841243975 -0.00400213031191704 0.405089051989085 -0.00115053828519524
0.932318257417575 -0.00844811099921992 -0.000795693829534271 -0.00202447692365745 0.40559791156185 8.400528732636e-05
0.821339555236889 -0.00836695517698731 -0.000411819285299993 -0.00209864640317868 0.402796099759803 -0.00129497031877994
0.75576911654025 -0.00897857775238915 -0.000964217920688022 -0.0015205972826483 0.403475551347986 0.00111066476889764
0.902441219665075 -0.00833499802289378 -0.00324262211280975 -0.00243349183072744 0.416304022661721 -0.00104965057721011
0.885106910066783 -0.00930257313501795 0.000509191989181186 -0.00235823512509142 0.41648536179858 -0.00148718424293832
0.759334215707093 -0.00803292958943077 -0.00113028409927844 -0.00263939249862365 0.413950863505999 -0.000288256900604957
0.675891237971386 -0.00791608586049173 -0.000179368497437955 -0.00293852810645002 0.406953252395307 0.000339091539444262
0.9262765988224 -0.00863262079763661 -0.00105288565927388 -0.00362759089275543 0.415620122493143 -0.000338041104224428
0.735740010059353 -0.00856115980373779 0.00102979637899194 -0.0023680191589582 0.409747757436328 3.53541766849291e-05
0.77054474449019 -0.00951597359707087 0.00111852218537295 -0.00219922800561224 0.420338948135419 0.000454674712825048
0.704958195483615 -0.00823332759723143 -0.0014878652697214 -0.00122046807805647 0.412422243552417 8.4026935649993e-05
0.798495014660658 -0.00937514740400896 -0.000442304188242291 -0.00189627643672079 0.416783521054143 -0.000749121362254362
0.76496698144267 -0.00986399427165472 -0.00169620218032205 -0.00289833326591393 0.409003512347098 -0.0008764476499468
0.772922252923709 -0.00906801187349574 -0.00193938445811368 -0.00217554110389114 0.401207706817563 -0.000378009820131979
0.826470493220558 -0.008379949734643 -0.00143480673821365 -0.00192007461025754 0.412810483129459 -0.000202756772699309
0.784919264945006 -0.00850042900143117 -0.000384849355336423 -0.0021973584289125 0.41753817407561 -0.00029828183889338
0.719408584142903 -0.00918107517885071 -0.00348612745696189 -0.00354718666503933 0.413645477996492 -0.000419918418081443
0.918253137075103 -0.00836204809670373 -0.00320998949218022 -0.00337299671807935 0.416271289737428 -0.00088593293142568
0.885193810308682 -0.009383414873463 0.000500067076118547 -0.00207890947790374 0.398280407321143 0.000333660615728369
0.913238334278832 -0.00855223299640706 -0.000458182423268822 -0.0014425120081526 0.409758983299133 0.00061330729902623
0.710491196974792 -0.00938545978423489 -0.000260725137734016 -0.00288378615682055 0.408169829490878 -0.000424719592259044
0.820039300623889 -0.00747464150160529 -0.00183813985729524 -0.00251904394694606 0.401430719599803 -0.000810872689736752
0.804916715377222 -0.0078871377389455 -0.000129326509943714 -0.00181325300947596 0.417677264662683 0.000523680497688918
0.677452387860568 -0.00751451571790342 0.000140405708995831 -0.00170504455608306 0.419275424383694 -0.000101626233070156
0.816013344457415 -0.00804165890017385 -0.00231752912212682 -0.0025317447616213 0.413122049661226 -0.000417267747285435
0.771981145066742 -0.00928962801386599 0.000464637074604116 -0.00102983171724968 0.417092566465061 0.000175664121821235
0.645292781483572 -0.00950614551111087 -0.00123530222263434 -0.00224552210838234 0.408866577429309 -0.000999099650976966
0.834684653522611 -0.00879594814879501 -0.000491214769826451 -0.00314180327217847 0.414080357459097 -0.000882768119508347
0.913588733766338 -0.00979595390424064 -0.00101852436314078 -0.00233657430344197 0.414266669684605 -0.000822536438563924
0.923815285682027 -0.00954770372353235 -0.00186402894925166 -0.00348734742550405 0.415729221379228 -0.000836781422771977
0.911344626571531 -0.0103766974679782 -0.0010925407771503 -0.00232562552437287 0.406015746528753 -0.00118597759792433
0.813432373950924 -0.00924549597907409 -0.00345644909271011 -0.00388706090040648 0.410583385806367 -0.00171649140123606
0.703722223719856 -0.00824376410152395 -0.0021008737911727 -0.0028178142998873 0.414441480624597 -0.000170358895003921
0.85561031755099 -0.00898957926126871 -0.0023994158016676 -0.00286795991963892 0.420714724132462 -0.00151873061046854
0.835517820521563 -0.0102995328355448 -0.000299217902636239 -0.0012170957849379 0.403935850144464 0.00109491958578439
0.805266133219993 -0.00848570163427982 -0.00213094839506283 -0.00204147971221149 0.396066946610201 -0.000180201424342476
0.806338695088568 -0.00870546998312529 -0.00262760439121064 -0.0018982042236669 0.407847173699628 -0.000349200739350572
0.921343667128226 -0.00940715894241059 -0.00135295756097812 -0.00189976767989862 0.401493285200733 -0.00149241746886098
0.894193943247645 -0.00937897887998727 -0.000940618573691051 -0.00205802585382499 0.406528277643478 -0.000388747352763382
0.833309825803829 -0.00939534707840711 -0.00184150217055117 -0.00175614199789084 0.404506910221056 0.00014823075638737
0.917939826711668 -0.00768736372609694 -0.00141793504084841 -0.000882119372460874 0.398509857248735 -0.000241450475303161
0.834119604083468 -0.00936969478676517 0.00128619050431619 -0.00286220345258776 0.400830213548178 -0.000888310601192576
0.861803493497267 -0.00766068272382116 -0.00209267671491041 -0.00228362715667298 0.4185836704712 0.000136249399872186
0.880894863402659 -0.00839331401079964 -0.00243526456695238 -0.00252800104320105 0.404769418985097 -0.000651079780190294
0.818685914872449 -0.00832618951428727 -0.00205134554427068 -0.00279823458300195 0.412193067907037 -0.0013525303857038
0.926213735349119 -0.00952575634599578 -0.00346591581013945 -0.00279372664398967 0.433274656224368 -0.000839079978864638
0.847677396066299 -0.00879674161152432 -0.00209679357693442 -0.00291487720946662 0.404082767958908 -0.00176515871093649
0.855111161781432 -0.00862123435159834 0.00289656234263803 -0.00162971206986129 0.411488818907426 0.000929981277257465
0.815957635912495 -0.00888798507261104 -0.00119683266573368 -0.00297247081393444 0.416361028254808 0.000614867801018051
0.801782650947721 -0.00801533641962327 -0.00169300384765153 -0.00239218002666148 0.402011191931613 -0.000779434262883529
0.783632438456897 -0.00759082215359257 -0.00221214451610769 -0.00234057580123077 0.403953382651851 -0.00135854243749012
0.919981134607521 -0.00940945622413548 -0.00197610189346287 -0.00326213038353068 0.416039310542655 -0.000469491992122886
0.840817794613743 -0.00854097063106869 -0.00187006694129226 -0.00299593148162344 0.41820910253394 -0.00132586518450276
0.916425589868102 -0.00895510457168805 -0.00196180646524575 -0.00297065924820654 0.421260948685539 -0.000678997147910294
0.698893884054799 -0.00859295482065315 -0.0024682435012528 -0.00298949398929684 0.407590678034237 -0.000680256804842622
0.782448138476466 -0.00905168544765146 -0.000651516181870644 -0.00115161922698279 0.417140531782037 0.000610340511206126
0.93028844699748 -0.00862462953524553 -0.00128134609116628 -0.00169336430241821 0.40765551101761 -0.000621681524888278
0.798048780229325 -0.00910828114317968 -0.00183633748300195 -0.00362267957761106 0.409620877750803 -0.00131352779873113
0.725362700913162 -0.00778776155113121 -0.00014133088017205 -0.00163440149984537 0.408528138890365 -0.000434981081355299
0.935354854394214 -0.00836620517084594 -0.000786165652491313 -0.00226115625387631 0.417710963238046 -0.000286030762295918
0.850564873314674 -0.00882298053039171 -0.00138241349589204 -0.00335302241979743 0.411917244802231 -0.00120034086990315
0.786401291539464 -0.00838248955643 -0.00116372687998139 -6.88302531677964e-05 0.411885548655362 -0.000900207344375155
