"drpm" "wddp" "lddp" "gmddp" "indcrp" "longcrp"
1610.33802364823 2199.13291192805 1581.15183661102 2198.23025171919 Inf 1609.20547330773
1578.05676587823 2194.54388426142 1562.90737369406 2220.2982567536 Inf 1597.51875624434
1574.64801488173 2187.27807571993 1640.46715605416 2217.61398753045 1595.99765898236 1578.60693954782
1592.73366509044 2192.8948937044 1591.40428735985 2187.59138044655 1601.35998563225 1604.16371291966
1582.42510521552 2188.47018872729 1524.29166569701 2173.16140780981 1608.04055688366 1593.51258954325
1642.52242848249 2202.09647382908 1655.33198271405 2226.74816153152 1631.91675251561 1623.61530255322
1603.84003282838 2176.44958437381 1573.70114279829 2181.57577811884 1622.09947233803 1597.7065563652
1594.7918907022 2183.55170996909 1630.48996119735 2201.91363178816 1622.8378003965 1604.38379068368
1616.84960258146 2151.51280293693 1650.82867403583 2135.22579003972 1586.09315274273 1561.36350128047
1656.34259738749 2230.87202104339 1657.24572140412 2230.87521579883 Inf 1661.89815826224
1780.07043509732 2212.32171271274 1603.09579225999 2240.68062901992 1668.94643387221 1611.80205373604
1614.49942693293 2193.17636053994 1590.76583457205 2204.86608189939 Inf 1611.35658617136
1645.94588975172 2227.25488474623 1622.64957278702 2245.27661089814 1661.11711806053 1637.96148408378
1507.20833464795 2177.25744469104 1620.34158568642 2200.59080051045 1598.61098145958 1589.71630509546
1644.791274479 2168.6772592316 1604.73378815167 2201.93352730449 1609.10020711417 1592.42618766211
1789.23798920763 2162.84863367938 1551.33132778835 2209.31689551448 1596.41855492403 1563.18839616444
1637.7731921605 2151.59659023444 1616.6419505755 2156.15611780043 Inf 1575.49399504581
1549.92211587276 2165.72148647629 1476.59640232222 2156.9165737291 1603.52169577772 Inf
1579.0968605864 2139.77058894627 1537.23544154248 2176.5395462953 1605.70686062151 1583.49106005335
1639.37984150391 2151.2461300049 1503.79773148919 2163.54636103057 1614.63624842977 Inf
1663.78195566541 2171.1355214652 1486.15149937005 2184.75776304216 1598.65292725908 1572.42214915328
1657.93532396041 2200.49303549006 1603.21987321212 2223.58939407297 1620.273370996 1608.31676714308
1655.33396830802 2203.34372442774 1660.42040821285 2229.67021338166 Inf 1632.10470503164
1624.97523267803 2214.82485723122 1638.36140551045 2219.82480246542 1648.13829671136 1641.24728951895
1546.96524351734 2160.33347381339 1451.3376454885 2152.3177376461 1579.91069230456 1562.24510839921
1540.12393077879 2112.75097547489 1614.3027568973 2129.13873607189 1543.50536796637 1523.16136327896
1610.10537189621 2165.16417727873 1527.02891796086 2158.10286417659 1581.76330712175 1567.84898808396
1649.46319102818 2218.28969105621 1623.25345286556 2228.78619289313 1665.37257777302 1635.14830057819
1604.96765079967 2187.31627578539 1531.65147802793 2196.16957090865 1608.97760897285 1583.36217146812
1650.43363778679 2177.62924865715 1541.67511333777 2208.96520222112 1619.38383249239 1616.88817951016
1661.15705027208 2195.69827730811 1545.73189126898 2201.44694860992 1611.1697424952 1614.6790499451
1662.58335842475 2188.57731672266 1537.05747450326 2194.63015912576 1660.33497094136 1620.75616209244
1560.89847020802 2203.95071008979 1560.2141832573 2195.26254434141 1581.30188088916 1568.34672759778
1560.17515540818 2160.81609330643 1554.59735649348 2177.10796772223 1608.07618090974 1585.83843557402
1627.63577987283 2195.8137730672 1580.02929972166 2192.88215661384 Inf 1610.38079949732
1539.38340080508 2196.89771723742 1629.20710324935 2205.67987035663 1592.90159421311 1591.77957691095
9330.35193640013 2197.71380041604 1657.98359658073 2221.55944608384 1632.98259655564 1614.43659089237
1605.82455032977 2159.34126671369 1532.32550712432 2160.35797123712 1566.43797911103 1570.94739801218
1635.43874052654 2195.13027271401 1614.08101488027 2224.85773909406 1614.08145551316 1602.58681955246
1654.13881040557 2219.03842212183 1566.0862725034 2215.148509649 1637.86085546992 1636.44080590237
1623.01892756588 2184.24283221422 1617.3438024149 2200.42422054162 1616.2977434295 1601.25057637633
1602.69586427101 2165.66687177919 1599.29236305355 2206.65271467118 Inf 1592.20700564583
1659.36229186174 2187.55174963752 1593.87915392057 2224.59095370121 1656.05367734323 1616.40382627298
1650.76961973286 2226.5053731137 1619.97745757682 2246.79111836885 1628.14450592739 1607.30651412355
1579.16845721301 2204.10340042787 1612.73736853453 2259.78969844455 1618.57494480158 Inf
1633.78687868045 2190.79309409334 1607.78317771256 2187.99221524267 1624.16653338564 1617.20527152665
1609.73076745933 2187.18308164838 1521.57044355494 2173.12877571147 Inf 1584.36559149474
1614.29492503378 2181.38871453693 1556.57851280653 2177.79422349544 1613.94271811925 1594.21296910245
1662.75161058274 2176.37602025879 1615.06820098914 2178.85890352584 1619.44378480531 1582.62194919536
1543.17400012597 2182.49090545564 1551.81273321722 2189.66827302288 1593.99361372484 1576.55652956526
1550.34650263483 2189.02873899792 1506.92313776181 2204.36329507429 1605.91492720202 1586.80660396513
1603.61635580725 2169.15070062263 1569.07236866362 2199.33127292278 1614.57237930018 Inf
1654.00411237775 2217.99072501782 1622.95581506402 2217.83714757001 1632.74414209294 1621.44900779627
1581.2028404235 2191.69556896258 1599.26423935331 2209.21827895469 1604.66686374048 1604.76636349749
1566.34007086127 2179.62639996614 1609.79146041857 2180.86152126395 1588.65768651186 1606.2947388436
1578.5262133877 2147.32706850701 1505.90381614434 2163.88468425657 1538.30394772699 1537.19449806602
1812.62677509693 2207.04545885768 1569.43735602017 2220.95365309324 1652.53679460926 1634.15796268545
1660.97392611012 2225.4559749644 1668.00725016907 2227.9123725762 1649.12654693595 1625.14267141815
1631.46331363312 2149.77130706383 1642.59519086591 2194.37282674537 Inf 1602.89867391772
1766.76894218018 2175.73944082359 1528.10025144683 2226.34578165155 1610.65461883046 1610.85220734603
1669.61052111394 2168.79504921382 1651.07742951358 2164.73040741157 Inf 1588.96161361986
1684.19043317033 2227.31665390414 1731.67682999139 2247.74708446405 1654.76665508355 1636.33376526312
1508.73478630776 2177.44492610056 1594.72596732829 2192.61812177676 1581.12199236106 1592.90441861597
1516.56533397272 2182.11295413607 1566.61839187414 2163.1852798965 1593.53859756569 1584.613755435
1624.69423447935 2193.66490134313 1630.87874168218 2200.095258672 1604.81636080152 1597.59029884647
1709.62799404606 2177.36688735845 1650.68428267406 2192.9169831225 1644.81067420957 1602.22239169314
1627.30109863628 2166.98304496512 1599.12024832995 2183.53173744441 Inf 1595.56390437283
1642.05888494153 2189.41653773751 1577.63263675438 2216.29761319996 1600.3271637531 1595.09384998
1541.12713230587 2145.23801673281 1590.86422724826 2148.91770180207 Inf 1561.69655763934
1594.26371666021 2173.64485153381 1596.42979445998 2170.92085708324 1577.62917145287 1578.63962055906
1635.38740812613 2198.42866484277 1645.90822402199 2224.6716672866 1599.88498674639 1574.74836310711
1529.80261391082 2143.44735804786 1486.7044687068 2164.11235399284 1567.3143587456 1551.77455358618
1659.82897127531 2179.32895395551 1619.24524952938 2196.56530399898 1639.60720817856 1626.96357199205
1658.62064221672 2190.97194133591 1660.54696791692 2224.64569936143 1641.59951872263 1619.24779620665
1668.12252652484 2202.82220765684 1605.6430247719 2208.84506275688 Inf 1616.95110961815
1540.54285608527 2174.41160054945 1577.95981134723 2186.08443426494 1592.59847152413 1574.86198497189
1755.59129947266 2195.38701586774 1664.29281232444 2212.21325987404 1663.14559238127 1639.77026223673
1647.65477593028 2199.43565469803 1628.18386805026 2246.41001278596 1621.02248810013 1617.50545311708
1677.09841470906 2235.68490520257 1711.26114183103 2245.36519570227 1672.82887476359 1632.60949329487
1667.90104078914 2219.67081134307 1597.41984016117 2227.20777981641 1649.03212318773 1645.55714284029
1659.87832644014 2201.37128058657 1575.94488583682 2224.13826286275 Inf 1632.00219850469
1564.15416424996 2186.62558819925 1527.3149076993 2238.80787986113 1634.95623213766 1597.4960112205
1574.0960163025 2171.46257259973 1560.03725841945 2176.41317779468 1564.27385018146 1576.76015481198
1647.28090537252 2205.68292922157 1633.27154965917 2236.94650267486 1630.74286136795 1607.96750986452
1685.37083732237 2202.49019825514 1613.85189743279 2207.64285572851 1625.74751466794 1636.04925014304
1596.86574568201 2172.84558308802 1602.18167787598 2160.66803958524 Inf 1568.16004357539
1687.85366265615 2187.96359917037 1604.37695107284 2211.32112960433 1679.41327449198 Inf
1546.88991369413 2178.8685499111 1652.8357224503 2197.87211162049 1593.33678778965 1583.86032061112
1570.59552863792 2153.37246423127 1478.20596544515 2165.17833801179 1578.2973640366 1549.76228285682
1573.85894619482 2171.41852900661 1562.55269984267 2216.78344257897 1605.41503740528 1602.62532598578
1616.05463715623 2185.65005495685 1429.76045717712 2204.70024481521 1642.18070703147 1607.70250909044
1593.35435844651 2188.48041817407 1583.04503840044 2209.75764464173 1606.90389336853 1596.59761339285
1621.33122612975 2216.86889742751 1591.91936838831 2237.97530362448 1597.69709828867 1584.05522814728
1606.22987921625 2186.34001625351 1629.62387061438 2194.23536814526 1617.02724855619 1607.33784905617
1566.83382796293 2152.96485612823 1536.57657032892 2137.74336214439 1582.35100387532 1554.79417414247
1563.96296618966 2196.70575927055 1566.78317469902 2225.94591137859 1614.51831965017 1617.16597033014
1687.77274132896 2166.89710450558 1589.00637136057 2170.83716650202 1609.5834128373 1559.73874320232
1620.42265412769 2169.75058668454 1624.57031187052 2187.40782743066 1578.1852774346 1558.71450133565
1626.44743994716 2212.92738673607 1660.51527890401 2234.3385099824 1636.29341167231 1635.80268764845
1686.87457689521 2198.58707768286 1499.65978242489 2230.90522415168 1628.49006059635 1620.04484196739
