0.6989 0.6989 0.6989 0.6884 0.6884
0.9509 0.9509 0.9509 0.9509 0.9509
0.9905 0.8386 0.8386 0.8386 0.6255
0.878 0.878 0.878 0.878 0.878
0.9736 0.9736 0.9736 0.9736 0.9736
0.9862 0.9862 0.9862 0.9862 0.9253
0.8693 0.9892 0.9892 0.9892 0.9892
0.8235 0.8235 0.8235 0.6159 0.6159
0.7137 0.7137 0.7137 0.7055 0.7055
0.7052 0.7052 0.7052 0.7052 0.7052
0.7301 0.7301 0.7301 0.7301 0.7301
0.9967 0.9739 0.9413 0.9413 0.9706
1 1 1 1 1
0.993 0.993 0.993 0.993 0.993
1 1 1 1 1
1 1 1 1 1
0.9714 0.9714 0.9714 0.9467 0.9467
0.9473 0.9473 0.9423 0.9423 0.9423
1 1 1 1 1
1 1 1 1 1
1 1 0.8912 0.8912 1
1 1 0.927 0.8961 0.8961
1 1 1 1 1
0.737 0.737 0.737 0.9543 0.9543
1 1 1 1 1
0.9944 0.9944 0.9944 0.9944 0.9944
1 1 1 1 1
0.9703 0.9703 0.9703 0.9703 0.9703
0.9509 0.9509 0.9509 0.9509 0.9509
0.9406 0.9406 0.9669 0.9669 0.9669
0.9906 0.9906 0.7658 0.7658 0.7658
0.982 0.982 0.982 0.982 0.982
0.977 0.977 0.977 0.977 0.977
0.9686 0.9686 0.9686 0.9686 0.9686
0.919 0.919 0.919 0.919 0.919
0.976 0.976 0.976 0.976 0.8832
0.9877 0.9877 0.9459 0.9459 0.9459
0.93 0.9611 0.9506 0.9753 0.9753
0.9523 0.9523 0.9523 0.9523 0.9337
0.6575 0.6575 0.6575 0.6575 0.6575
0.9845 0.9845 0.9636 0.9636 0.9636
0.86 0.86 0.86 0.86 0.8309
0.8236 0.9618 0.9772 0.9772 0.9772
0.9399 0.9381 0.8936 0.894 0.9102
0.9636 0.9587 0.9587 0.9587 0.9587
0.9759 0.9759 0.9759 0.9759 0.9759
1 1 1 1 1
0.9652 0.9652 0.9652 0.9531 0.9531
0.9621 0.9621 0.9621 0.9621 0.9621
0.8324 0.8324 0.8324 0.8324 0.8324
0.9861 0.9861 0.9861 0.9861 0.9861
1 1 1 1 1
0.676 0.7081 0.7081 0.9395 0.9395
0.5565 0.5029 0.6382 0.5584 0.643
0.7476 0.7476 0.7476 0.7476 0.7476
1 1 1 0.813 0.813
0.9935 0.9935 0.9935 0.9935 0.9935
1 1 1 1 1
0.9441 0.9441 0.9441 0.9441 0.977
1 1 1 1 1
0.995 0.995 0.995 0.995 0.995
0.9953 0.9953 0.9953 0.9953 0.9953
0.9914 0.9914 0.9914 0.9914 0.9914
0.4233 0.4233 0.4057 0.5146 0.484
0.9933 0.9933 0.9933 0.9933 0.9933
0.9184 0.9184 0.9184 0.9983 0.9983
0.8345 0.8201 0.8201 0.8201 0.8201
0.9764 0.9764 0.9764 0.9764 0.9764
0.8823 0.8823 0.8823 0.8823 0.8823
1 1 1 1 1
0.9886 0.9886 0.9886 0.9886 0.9886
1 1 1 1 1
0.9937 0.9937 0.9937 0.9937 0.9937
1 1 1 1 1
0.9716 0.9471 0.9265 0.9265 0.9265
0.7674 0.7674 0.7674 0.7674 0.7674
1 1 1 1 1
0.7299 0.7299 0.7299 0.7299 0.7751
0.959 0.959 0.959 0.959 0.959
0.9248 0.9834 0.9834 0.9834 0.9834
1 1 1 1 1
0.7122 0.8903 0.9427 0.9427 0.9427
1 0.4638 0.6608 1 1
0.9445 0.9445 0.9445 0.9445 0.9827
0.9901 0.9901 0.9901 0.9609 0.9609
0.9769 0.9769 0.9769 0.9769 0.9769
0.8504 0.8504 0.8504 0.8504 0.8504
1 1 1 1 1
0.7956 0.7956 0.8001 0.8001 0.8001
0.9668 0.9668 0.9668 1 1
0.9892 0.9892 0.9892 0.9892 0.9892
0.8054 0.7671 0.7671 0.7835 0.8498
0.933 0.933 0.933 0.933 0.933
0.8164 0.8107 0.7245 0.7245 0.7245
0.9554 0.9554 0.9554 0.8884 0.8983
0.9917 0.9917 0.9917 0.9917 0.9917
0.9604 0.9604 0.9604 0.9604 0.9604
1 1 1 1 1
0.9859 0.9859 0.9859 0.7513 0.7513
0.9843 0.9276 0.9276 0.9276 0.9276
