0.8565 1 0.8266 1
1 0.8613 0.8792 0.8792
0.9201 0.714 0.7282 1
0.9377 0.8086 0.9643 1
1 1 0.8962 0.9025
0.9553 0.9685 0.8517 0.921
1 1 0.4575 1
1 1 1 1
0.921 1 0.8776 0.735
0.8756 0.9286 0.7489 0.9523
0.7526 0.7649 0.5011 1
0.8421 0.6994 1 0.9674
0.4978 0.0172 0.8428 0.1083
0.6995 0.6326 0.8432 0.6995
0.8578 0.7674 0.7915 0.9511
0.7396 1 0.8693 1
1 1 0.9026 1
0.6821 0.7134 0.8715 0.931
0.9379 0.7165 0.8791 0.9344
0.9854 0.7417 0.7523 0.8326
0.676 0.6627 0.7885 0.4534
0.9309 0.9737 1 1
1 0.8486 0.603 0.8461
0.8615 1 0.9676 1
1 0.7147 0.7457 0.9431
0.7839 1 0.7157 1
0.9072 1 0.913 1
1 0.7805 0.8565 0.8565
1 0.9072 0.897 1
0.6542 0.7767 0.8739 0.8109
0.8008 0.7314 0.9189 0.9357
0.9423 0.9276 0.731 0.941
0.7682 0.8708 0.6647 0.8227
1 1 1 1
0.8003 0.9215 0.6799 0.7867
0.9097 0.8799 0.8764 0.811
0.9128 0.9128 1 1
1 1 0.6528 0.6528
0.8266 0.6945 0.8887 0.8792
0.8049 0.7466 0.6561 0.8316
0.7826 0.8005 0.7918 0.762
0.9128 0.9149 0.8173 0.9327
0.9167 0.9436 0.7044 0.6607
0.6451 0.8062 0.7345 1
0.8751 0.8874 1 1
0.237 0.3253 0.4897 0.6539
0.6288 0.8121 0.6204 0.6855
0.9414 0.8278 0.835 0.8302
0.6996 0.6996 0.569 0.8433
0.8688 0.8185 0.7124 0.8058
1 0.7747 0.7707 0.9117
0.8031 0.8031 0.8962 1
1 0.8866 0.9428 0.7276
1 0.8527 0.9241 1
1 1 0.4683 1
1 1 0.9081 0.912
0.9182 0.9216 0.8471 0.7917
0.7507 0.832 0.8217 0.8114
0.8942 0.8716 0.7851 1
0.432 1 0.716 0.6255
1 0.8309 1 1
1 0.9209 0.9149 0.9267
0.9121 0.67 0.6951 0.7388
0.8794 1 0.7285 1
0.7697 0.8143 0.6602 0.9329
0.8933 0.8102 0.8543 0.7528
0.9057 0.8837 0.2149 0.6432
0.9268 0.8566 0.856 0.9492
0.9235 0.8795 1 1
0.6236 0.8494 0.9222 0.7103
0.8095 0.8245 0.7383 0.9001
0.8962 0.9025 0.9025 1
0.7957 0.8912 1 0.8912
0.9402 0.9832 0.7032 0.9201
1 0.9072 0.9025 0.8142
0.8401 0.7913 0.8222 0.9187
1 0.8753 0.8678 0.8644
0.6255 0.783 0.7792 0.6528
1 1 0.7827 0.8516
0.9262 0.9444 0.7976 0.9231
1 0.8239 0.8444 0.9981
0.7917 0.8665 0.9246 0.9296
1 1 1 1
0.8694 1 0.7976 0.7794
0.9216 0.8453 0.8635 0.9081
0.9925 0.9282 0.7603 0.8687
0.6063 0.7031 0.7631 0.7978
0.8725 0.5379 0.5216 0.7048
0.8591 0.9461 1 0.8563
1 0.8631 0.9277 1
0.8843 0.6404 0.8367 0.6288
0.7025 0.8874 0.8962 0.6227
0.7194 1 0.8304 0.8467
0.9186 0.6374 0.7423 0.8781
1 0.8565 0.7689 1
1 0.7785 0.9673 0.9215
1 0.7785 0.897 0.9936
0.8617 0.7746 0.6905 0.7223
0.9221 0.7025 0.8758 0.8921
0.9042 0.9398 0.8868 0.9382
