1 1 0.8693 1
1 1 1 1
0.8266 1 1 0.772
1 1 1 1
1 1 1 1
1 1 1 0.9253
0.8565 1 1 1
1 1 0.4904 1
1 1 0.687 1
1 1 1 1
1 1 1 1
0.9771 0.9184 1 0.9249
1 1 1 1
1 1 1 1
1 1 1 1
1 1 1 1
1 1 0.9718 1
1 0.9721 1 1
1 1 1 1
1 1 1 1
1 0.8912 1 0.8912
1 0.927 0.9622 1
1 1 1 1
1 1 0.7205 1
1 1 1 1
1 1 1 1
1 1 1 1
1 1 1 1
1 1 1 1
1 0.9276 1 1
1 0.7535 1 1
1 1 1 1
1 1 1 1
1 1 1 1
1 1 1 1
1 1 1 0.9057
1 0.9586 1 1
0.9269 0.9544 0.9755 1
1 1 1 0.9353
1 1 1 1
1 0.9791 1 1
1 1 1 0.9278
0.8035 0.9846 1 1
0.9981 0.9571 0.9525 0.9765
0.9226 1 1 1
1 1 1 1
1 1 1 1
1 1 0.9739 1
1 1 1 1
1 1 1 1
1 1 1 1
1 1 1 1
0.8556 1 0.6938 1
0.3296 0.8239 0.2501 0.297
1 1 1 1
1 1 0.813 1
1 1 1 1
1 1 1 1
1 1 1 0.9208
1 1 1 1
1 1 1 1
1 1 1 1
1 1 1 1
1 0.7194 0.7791 0.9471
1 1 1 1
1 1 0.9201 1
0.9818 1 1 1
1 1 1 1
1 1 1 1
1 1 1 1
1 1 1 1
1 1 1 1
1 1 1 1
1 1 1 1
0.9716 0.972 1 1
1 1 1 1
1 1 1 1
1 1 1 0.9589
1 1 1 1
0.9072 1 1 1
1 1 1 1
0.7084 0.9242 1 1
0.4638 0.3252 0.6608 1
1 1 1 0.9616
1 1 0.9708 1
1 1 1 1
1 1 1 1
1 1 1 1
1 0.9417 1 1
1 1 0.9668 1
1 1 1 1
0.9594 1 0.9174 0.7733
1 1 1 1
0.9939 0.8485 1 1
1 1 0.9327 0.9902
1 1 1 1
1 1 1 1
1 1 1 1
1 1 0.7557 1
0.9184 1 1 1
