0.912
0.928
0.972
0.84
0.908
0.948
0.916
0.82
0.972
0.928
0.964
0.86
0.924
0.984
0.908
0.956
0.968
0.94
0.892
0.936
0.944
0.972
0.84
0.924
0.824
0.852
0.932
0.96
0.852
0.968
0.916
0.964
0.98
0.82
0.956
0.976
0.936
0.924
0.972
0.976
0.984
0.956
0.952
0.924
0.992
0.924
0.952
0.96
0.876
0.912
0.952
0.892
0.976
0.904
0.968
0.956
0.756
0.672
0.812
0.956
0.808
0.896
0.96
0.992
0.864
0.924
0.984
0.828
0.92
0.924
0.976
0.952
0.972
0.956
0.896
0.94
0.868
0.956
0.944
0.952
0.972
0.972
0.864
0.948
0.964
0.944
0.94
0.956
0.948
0.936
0.932
0.964
0.98
0.996
0.9
0.94
0.916
0.936
0.956
0.9
