0.6306 0.7362 0.951 0.7132 0.8994
1 0.7419 0.3725 0.9667 0.8778
0.0657 0.0663 0.0591 0 0
0.8249 0.9354 0.9173 0.9686 0.849
0.8062 0.5994 0.7152 0.5018 0.4999
0.9132 0.9337 0.897 0.9934 1
0.9474 1 0.8076 0.7526 0.8898
0.7586 0.942 0.7894 0.772 0.6831
0.7339 0.9626 0.8022 0.817 0.6121
1 0.764 0.9194 0.985 0.7976
0.5951 0.5424 0.4986 0.4764 0.347
0.4557 0.779 0.9186 0.9712 0.5842
0.9905 0.6432 1 1 1
0.9944 0.9905 0.9892 0.7738 0.4628
1 0.7496 0.8824 0.695 1
0.8768 0.9049 0.9013 0.6843 0.8976
0.9964 0.848 0.5583 0.662 0.9323
0.9066 0.9981 0.9191 0.9856 0.965
0.7351 0.6698 0.7858 0.8363 0.992
0.9004 0.7968 0.7743 0.7254 0.5309
1 0.9854 0.5923 0.7214 0.9947
0.2951 0.7942 0.836 0.7821 0.4402
1 0.7409 0.8309 0.8816 0.6517
1 0.9438 0.9025 1 0.7507
0.781 0.8591 0.949 0.7035 0.9145
0.9523 0.9476 0.8758 1 0.9369
0.7863 0.9422 0.8702 0.7442 0.9712
0.811 0.9028 0.8798 0.8055 0.5317
0.6687 0.8199 0.9895 0.9895 1
0.6106 0.5299 0.4906 0.3008 0.6258
0.6777 0.4259 0.9199 0.856 0.5878
0.8061 0.8989 0.968 1 0.7194
0.8984 0.9503 0.772 0.8636 0.9966
0.8657 0.8236 0.569 0.8935 0.7175
0.8956 0.6894 0.9052 0.8718 0.8871
0.4743 0.4269 0.8498 0.9208 0.9009
0.7918 0.9794 0.903 1 0.8949
0.733 0.7445 0.9874 0.9839 0.6297
0.7456 0.5109 0.6515 0.6039 0.7213
0.6039 0.7627 0.933 0.7411 0.4072
0.7827 0.6854 0.9889 0.7969 0.6277
0.9703 0.5221 0.8661 0.7379 0.715
0.9801 0.9209 0.9026 0.9914 0.8693
0.3594 0.6288 0.8054 0.2976 0.7349
1 0.9565 0.9949 0.7156 0.9111
1 1 1 1 1
0.9739 0.8968 0.9445 0.8909 0.9754
0.9039 0.9543 1 0.92 0.3975
0.9074 0.4702 0.8801 0.8822 0.6535
0.992 0 0.4765 0.6528 0.8325
0.9113 0.8357 0.6801 0.7036 0.8216
1 0.6862 0.7641 0.9168 0.543
1 1 0.9241 1 0.9072
0.8603 0.8156 0.752 0.9934 0.5054
0.9187 0.9196 1 0.8203 1
0.4321 0.6526 0.2977 0 0
1 1 0 1 1
0.995 0.995 0.9967 0.9409 1
0.2978 0.3012 0.5029 0.5328 0.369
0.7803 0.5988 0.9918 0.8472 0.873
0.3457 0.4716 0.6078 0.5411 0.4707
0.4926 0.6971 0.6869 0.993 0.717
0.7677 0.9409 0.9346 0.8305 0.6174
0.6528 0.6432 1 1 0.5111
0.8638 0.8689 0.7193 0.6631 0.3884
0.654 0.9393 0.7502 0.8609 0.6934
0.4243 0.6291 0.7218 0.897 0.7471
0.7213 0.9509 0.9039 0.5542 0.2536
0.7441 0.6438 0.7519 0.659 0.5092
0.4431 0.4582 0.5854 0.3869 0.7885
1 0.4432 0.8662 1 1
0.7136 1 0.9663 0.7598 0.8702
0.8337 0.9021 0.7984 0.8569 0.8973
1 0.9172 0.921 0.9957 0.7935
0.451 0.8853 1 0.824 0.6618
0.5755 1 0.9687 0.9771 0.951
1 1 1 1 1
0.8519 0.8635 0.8288 0.8806 0.7073
0.9944 0 1 0.6432 1
0.3425 0.7731 0.794 0.9137 0.8065
0.7561 0.8529 0.9048 0.8355 0.8248
0.903 0.8815 0.9949 0.6139 0.9408
0.8058 0.7229 0.9279 0.8486 0.8422
0.9944 1 0.6528 1 0.9944
0.7852 0.824 0.754 0.5755 0.4736
0.8528 0.8408 0.9177 0.9863 0.3441
1 0.4494 1 0.8432 0.6011
0.6432 1 1 1 1
0.3257 0.6572 0.6677 0.9867 0.9656
0.629 1 0.9984 0.7965 0.8562
1 0.9237 1 0.8081 0.6398
0.5973 0.6235 0.9846 0.9208 0.8034
0.9051 0.9842 0.9976 0.6156 0.6229
0.7637 0.6463 0.7964 0.9332 0.9853
1 1 0.9787 0.9209 0.9248
0.6995 1 0.9192 1 0.9196
0.7813 0.6761 0.6277 0.7559 0.3654
0.2838 0.557 0.9811 0.6107 0.6767
0.9673 0.8589 0.6692 0.2837 0.8765
0.6766 0.8475 0.6317 0.6851 0.6317
