0.4234
0.039
0
0.4664
0.5689
-0.0086
0.0852
0.0105
0.4938
0.3507
0.7695
-0.035
0.2734
-0.0268
0.128
0.1258
0.152
0.1603
0.1457
0.3264
-0.017
0.4768
0.2244
0.0659
0.1362
0.1597
0.3695
0.148
0.3532
0.1483
0.5759
0.453
0.1094
0.2203
0.0075
0.0859
0.2173
0.1955
-0.0141
0.2611
0.4113
0.1449
0.1755
0.0781
0.3342
1
0.256
0.5082
0.231
-0.0579
0.0935
0.1549
0.2397
0.0496
0.2222
0
1
0.1141
0.0952
0.1868
-0.0465
0.0353
0.2429
0.4683
0.0761
0.1659
0.139
0.6322
0.058
0.0387
0.1613
-0.0051
0.2327
0.4477
0.897
0.2025
0
0.2478
-0.0398
0.8208
0.3459
0.3306
0.0489
-0.0398
0.238
0.2124
0.1157
1
0.0535
0.1063
0.1093
0.317
0.4016
0.0752
0.3234
0.1128
0.2863
0.4744
0.1106
0.1821
