0.6945
0.8613
0.4054
0.7196
0.8035
0.713
0.4575
1
0.562
0.6093
0.5087
0.5537
0.1849
0.2994
0.5459
0.6525
0.9026
0.4112
0.5088
0.5325
0.2241
0.9046
0.3803
0.8313
0.5666
0.5375
0.8251
0.5659
0.8056
0.3306
0.5213
0.5727
0.3396
1
0.3999
0.5226
0.8326
-0.0204
0.3463
0.444
0.3664
0.5991
0.4398
0.3244
0.768
0.2966
0.2874
0.5141
0.2555
0.5012
0.499
0.5232
0.5978
0.7825
0.4683
0.8127
0.4931
0.3481
0.5838
0.2708
0.8309
0.7786
0.2214
0.6266
0.4641
0.3945
0.1278
0.6179
0.8068
0.3437
0.4519
0.7012
0.6088
0.5972
0.6585
0.4403
0.6303
-0.0315
0.6543
0.6168
0.6663
0.5512
1
0.5024
0.6025
0.7079
0.2041
0.2216
0.6783
0.798
0.278
0.4011
0.5634
0.5642
0.6427
0.6772
0.6988
0.3978
0.5752
0.7035
