0.9293 0.2058 0.0809 0.1894 0.5458
0.2837 0.0377 0.7922 0.9759 0.6528
0.6002 0.5645 0.9433 0.3692 0.7951
0.1313 0 0.0504 0.0783 0.4615
0.2644 0.4085 0.359 0.6371 0.7894
0.8234 0.992 0.9236 0.273 0.6875
0.72 0.354 0 1 0.89
0 0.3629 0 1 0.8317
0.5969 1 0.9607 0.6958 0.8921
0.2319 0.6986 0.6373 0.5564 0.477
0.9873 0.4443 0.1158 0.9347 0.6614
0.5377 0.9521 1 0.6341 0.8294
0.728 0.8851 0.6995 1 0.446
0.9056 0.7412 0.0511 0.856 0.3516
0.5778 0.6933 0.8311 0.5881 0.7607
0.2767 0.257 0 1 0.6454
0.4791 -0.0652 0.2237 0.992 0.3533
0.7928 0.9024 0.561 0.9881 0.5185
0.772 0.5882 0.434 0.4165 0.211
0.267 0.7943 0.3627 0.773 0.902
0.1646 0.7563 0.5804 0.5646 0.9892
0.9004 0.8982 0.2979 0.8758 0.5469
0 0.8766 0.7283 0.6176 0.0126
0.9193 0.5945 0.2578 0 0.1772
0 0.7332 0.3252 1 0.9811
0.9194 1 0.8655 0.9036 0.7952
0.9312 0.791 1 0.0271 1
1 1 0.894 0.8627 0.0424
0.9699 0.209 0.9944 0.9392 0.8588
0.6699 0.4672 0.5682 0.8325 0.9048
0.8537 0.9216 0.7288 0.4608 0.0313
0.9124 0.1011 0.8569 0.6065 0.8383
0.525 1 0.5463 0.9445 0.2376
0.7884 0.6778 0.1119 0.6385 0.468
0.9635 0.4586 0.7495 0.2843 0.7003
0.2764 0.7504 0.6245 0.8981 0.8762
0.6222 0.8018 0.1327 0.096 1
0.8386 0.669 0.7509 0.0074 0.6349
0.7161 0.7503 0.8675 0.6817 0.6166
1 1 1 0.8719 0.7348
0.9847 0.988 0.9058 0.7475 0.8708
0.8757 0.9217 0.665 0.3673 0.6562
0.9594 0.7125 0 0.6094 0.065
0.7742 0.6963 0.3247 0.7757 0.702
1 0 0 1 0
0.8146 1 0 0.8975 0.8345
0.2712 0.9657 1 0.9206 0.4345
0.5864 0.3601 0.3695 0.6333 0.6961
0.4052 0.813 0.6398 0.6439 0.7585
0.3353 0.7031 0.0035 0.7103 0.0772
0.9364 0.3215 0.8315 0.7318 0.3676
0.8502 0.8185 0.4569 0.6553 0.3296
0.9217 0.5468 0.1217 0.348 0.9156
0.2638 0.7213 0.8726 1 1
0.9176 0.9183 0.8938 0.2639 0.8088
0.5391 0.1822 0.8089 0.7547 0.3695
0.5611 0 0.7672 0.7997 0.8954
0.5975 0.3677 0.9268 0.7779 0.2388
0.7779 0.108 0 0.617 0.0913
0.3073 0.0283 0.3059 0.1263 0.71
0.6561 0.2321 0.7576 0.9196 0.7527
0.4451 0.3931 0.8045 0.6528 1
0.6653 0.1348 1 1 0.7077
0.852 0.2885 0.0606 0 0.6703
0.3638 0.538 0.6157 0.7115 0.7819
0.8464 0.8237 0.8082 0.3162 0.5197
0.8541 0.9054 0.8124 0.4483 0.0757
0.482 0.8169 0.085 0.8256 0.9248
0.8355 0.3293 0.8985 0.3664 0.3655
0.1553 0.9579 0.7937 0.8836 0.9612
0 0.8251 0.7474 0 0.7278
0.7329 0.883 0.7484 0 1
0.8597 -0.0279 0.9782 0.9737 0.8371
0.9624 0.1691 0.7967 0.7258 0.4096
0.7599 0.1994 0.4417 1 0
0.7876 0.6266 0.4402 0.5046 0.5147
0.8326 0.8765 0.4088 0 0.3933
0.3779 0.2357 0.9475 0.6714 0.0402
0.698 0.4759 0.719 0.5361 0.9086
0.0391 0.5806 0.4798 0.8553 0.02
0.3624 0.3131 0.0713 0.9294 0.303
0.8818 0.8912 0.7361 0.3672 0
0.5433 0.6203 0.8757 0.6766 0.5068
0.6074 0.3553 0.9615 0.4005 0.0935
0.594 0 1 0.8487 0.5999
0.331 -0.0016 0.0752 0 0.0579
0.0583 0.2701 0.911 0.472 0.7814
0 0.8893 0.1191 0.486 0.3097
0.8772 0.9899 0.7847 0.8997 1
0.7792 0.4765 0.2903 0.4957 0.573
0.7458 0.9127 0.7384 0.6753 0.5489
0.5068 0.125 0.6034 0 0.2798
0.9846 0.8859 0.4284 0.8009 0.715
0.2004 0.8123 0.4658 0.4756 0.8947
0.8874 0.0635 0 0.0695 0.1007
1 1 0.7831 0.8971 0.1448
0.8693 0.1007 0.1254 0.6337 0.8823
0.4451 0 0 0 0.1002
0.9222 0.4678 0.0741 0.9787 0.9152
0.8701 0.2565 0.9395 0.8354 0.6619
