1 1 1 1
0.169 0.2218 0.3053 0.1295
0.5612 0.4361 0.0931 0.587
0.4419 0.3069 0.3238 0.2864
-0.0319 -0.0204 -0.0312 0.0499
0.2849 0.1271 0.0782 0.1963
0.0151 0.086 0.2254 -0.051
-0.0056 -0.0286 0.0368 -0.0137
0.4981 0.2551 0.2566 0.2937
0.1602 1e-04 0.1498 0.1713
0.1942 0.1646 0.0234 -0.1423
0.1619 0.1684 -0.0057 0.0101
0.0454 -0.0189 -0.0065 0.1202
0.2343 0.1299 -0.1003 0.0389
-0.0481 0.0275 0.0775 0.108
0.1283 0.1347 0.0367 0.0859
0.5092 0.2487 0.395 0.5299
0.1152 -0.0789 0.0211 0.224
0 0.1471 0.0769 0.1567
0.1342 0 0 0.0423
0.2871 0.101 -0.0546 0.1598
-0.1217 -0.0296 0.0119 -0.0224
0 0 0.2674 0.399
1 1 0 0.0811
0.1009 -0.0757 -0.0301 0
0.0602 -0.0088 0.2361 0.1552
0.1396 0.1119 -0.0416 -0.0132
0.1735 0.2352 0.2093 0.0614
-0.0268 -0.0268 0.0758 0.2382
0.4522 0.3976 0.1412 0.5293
0.0637 0.015 0.0121 0.0318
-0.0295 0.0691 -0.0807 0.2562
-0.0308 0.0887 0.1466 0.3356
0.1567 0.1695 0.0049 0.0869
0.201 0.0252 0.3335 0.0424
0.2521 0.2422 0.002 0.1769
0.4172 0.3541 0.1349 -0.032
0.1455 0.2221 0.0962 0.0355
0 0 -0.0175 0.0153
1 1 1 0
-0.0205 0.051 0.0776 -0.0227
0.0573 0.0269 0.1988 0.4056
0.0741 0.0124 0.0355 0.0926
0.0537 0.0161 -0.0055 -0.0566
0.0811 0.0222 0.0523 0.0079
0.03 -0.0295 0 0
0.0746 0.1173 0.069 0.0847
0.2517 0 0 0.3464
0.04 0.2508 0.2326 0.0362
1 0 -0.0398 0.6432
1 1 1 1
0.0049 0.005 0.0744 0.0621
0.0748 -9e-04 0.0101 -0.0579
0 0.1184 0.7513 0.4294
0 0 -0.0481 0
0.0347 0.0204 0.1947 0.0401
0.0889 0.1536 0.0252 0.235
0.1659 -0.0221 0.1069 0.0091
0.133 0.095 0.2007 0.0832
0.733 0.4059 0.5937 0.8265
-0.0187 0.0058 0.1115 0.0275
-2e-04 0.0528 0.0022 0.0612
0.3449 0.1962 0.0657 0.0415
0.1396 0.0211 0.1012 -0.0474
0.2639 0.0064 0.1775 0.1081
0.2099 0.0745 0.1668 0.4728
0 1 1 0
-0.011 0.0095 -0.062 -0.0404
-0.0444 0.1605 0.17 0.1139
0 -0.0037 0.0482 0.0548
0.1178 -0.0088 0.3507 0.0355
-0.0732 0.0016 -0.0092 0.0766
0.0571 0.1985 0.0757 0.0444
0.2272 0.3561 -0.0268 0.4628
0.2654 0.1311 0.0772 0.172
0.3817 0.1071 0.3083 0.5227
0.0575 0.0853 -2e-04 -0.0027
0.2149 0.1284 0.2812 0
0.2725 0.133 -0.0109 0.5501
0.3024 0.2258 0.2802 0.1892
0.9198 0.2889 0.5289 0.3368
0.2213 0.3785 0.2243 -0.0312
0.1375 0.0685 -0.0153 -0.018
-0.0199 0.0558 -0.0508 -0.0268
-0.065 -0.047 -0.0268 0.1616
0.0183 0.0294 0.3064 0.0642
0.2936 0.0855 0.0152 -0.016
0.0259 0.0242 0.1029 0.1887
0 0.0292 -0.0301 -0.0187
0.1981 0.264 0.3733 0.2318
0.0268 0.0774 -0.047 0.1795
0.6384 0.5904 0.4628 1
0.0356 0.2222 -0.0934 0.0588
0.056 0.35 0.1585 0.0066
0.4766 0.5284 0.5562 0.2392
0.1437 0.6305 0.2865 -0.0582
-0.0204 -0.0312 -0.0534 -0.0481
0.0629 0.1287 -0.0157 -0.0466
0.2006 0.1076 0.198 0.0872
0 0 0.112 -0.0524
