0.968
0.988
0.396
0.84
0.924
0.86
0.924
0.968
0.816
0.92
0.752
0.868
1
0.996
0.976
0.952
0.952
0.976
0.996
0.956
0.992
0.928
0.976
0.992
0.9
0.988
0.932
0.956
0.788
0.932
0.956
0.92
0.904
0.868
0.884
0.944
1
0.968
0.744
0.9
0.896
0.972
1
0.88
0.992
1
1
0.884
0.988
0.984
0.98
0.968
0.996
0.948
0.992
0.912
1
0.996
0.78
0.972
0.544
0.964
0.932
0.62
0.944
0.944
0.968
0.956
0.952
0.92
0.948
0.76
0.976
0.804
0.976
0.992
1
0.936
0.992
0.948
0.936
0.988
0.956
0.992
0.908
0.896
0.988
0.816
0.956
0.952
0.984
0.992
0.98
0.976
0.956
0.82
0.86
0.96
0.98
0.824
