0.1518
-0.0274
0
0.0297
-0.0067
0.0517
0.0293
-0.0111
-0.0533
0.0469
-0.003
-0.0151
-0.0128
-0.0315
-0.1033
0
-0.0206
-0.0338
-0.0492
0.0196
-0.01
0
0.0234
0.4728
-0.029
0.2065
0.1557
0.0452
0.2124
0.1973
0.0526
0.058
-0.0155
-0.0269
-0.0119
-0.0055
-0.0563
0.1763
0.1564
-0.0227
-0.0732
-0.0038
-0.0225
-0.0021
2e-04
0.1358
0.0699
0.0312
0.1949
0.0304
0.1207
-0.0191
0.2
0.1005
0.0895
0.0041
0.0102
0.0019
-0.0069
0.0062
-4e-04
0.1359
0.0122
0.0428
0.2987
0.0083
-0.0247
0.0989
0.016
-0.0573
0.1266
-0.0287
0.0419
-0.0092
-0.0035
0.0779
-0.0017
0.0646
-0.0215
-0.0716
-0.0333
0.0643
0.0484
-0.0301
0.0664
-0.0316
0.0628
-0.0196
-0.0161
0.0206
0.0678
-6e-04
-0.0487
-0.088
-0.018
-0.0385
0.2092
0.0113
0.259
-0.0563
