3e-04
0.003
0.0567
0
-0.0203
0
0.0711
-0.021
0.1802
-0.0166
-0.0977
-0.0158
6e-04
-0.0206
0.0526
-0.032
-0.0433
0.0509
0.0772
0.0297
0.0073
-0.0171
-0.0096
0.2152
0.0051
-0.0099
-0.0059
0.0266
-0.0085
0
0.2159
0.1099
-0.0481
0.2672
-0.0028
-0.0923
0.0683
0.111
0.0507
-0.0205
-0.0275
0
-0.026
-0.072
-0.0297
0
0.0377
-0.0241
-0.0177
-0.0327
-0.0322
0.1771
-0.0148
-0.0563
-0.0298
-0.0193
-0.0077
0.0526
-0.07
0.0118
0.0368
-0.0095
-0.0326
0.0343
-0.0088
-0.003
0.0604
0.0206
0.012
0
-0.0048
0.0083
-0.0142
-0.072
0
-0.0088
0.0299
0.0679
-0.0251
0.005
-0.0488
0
0
-0.0446
-0.0188
0.0302
0.0165
-0.0262
-0.0163
0.0663
-0.0304
0.0367
0.1139
-0.1063
-0.0052
-0.017
-0.0082
0.0021
-0.0108
0
