0.8909 0.5283 0.5041 0.4309
0.3051 0 1 0
0 1 1 1
0.3794 0.348 0.1295 0.362
0.1741 0.1519 0.1972 0.1777
0.3406 0.1117 0.687 0.2015
0.3088 0.4963 0.2628 0.1917
0.686 0.2112 0.4691 0.5704
0.2048 0.3214 0.2714 0.5599
0.2477 0.2725 0.0895 0.3598
0.3589 0.4401 0.1981 0.3991
0.4261 0.5461 0.3863 0.6255
0.7271 0.1462 0.4768 0.1573
0.5113 0.1888 0.5558 0.2291
0.5913 0.2586 0.659 0.1875
0.0541 0.1699 0.0538 0
0.4573 0.4092 0.3425 0.6536
0.1516 0.1526 0.3206 0.1916
0.4256 0.2079 0.3959 0.1329
0.3718 0.1221 0.1582 0.3221
0.1683 0.23 0.301 0.4429
1 0 0.1446 0.295
0.4593 0.3004 0.316 0.5127
0.9225 0.9186 0.9134 0.5418
0.352 0.2039 0.5087 0.4759
0.7874 0.4851 0.9967 0.534
0.4454 0.8202 0.7784 0.567
0.6561 0.4008 0.3613 0.3949
0.5621 0.6093 0.6074 0.5921
0.6718 0.7067 0.3154 0.6307
0.695 0.3631 0.5528 0.8078
0.5727 0.2963 0.4557 0.7064
0.463 0.0547 0.43 1
0.2138 0.2719 0.3466 0.2479
0.3524 0.4598 0.195 0.2062
0.4144 0.5571 0.5948 0.3178
0.6432 0.258 0.5978 0.5978
0.7612 0.7327 0.5181 0.7738
0.7645 0.3828 0.6234 0.4332
0.5306 0.2112 0.3207 0.5843
0.6299 0.5891 0.5822 0.5087
0.2501 0.3618 1 0.5195
0.1182 0.3952 0.3615 0.4021
0.3745 0.1954 0.3961 0.609
0.4323 0.2565 0.1513 0.2032
0.6554 0.7031 0.401 0.9969
0.7256 0.4781 0.5242 0.5162
0.9586 0.3496 0.3698 0.3025
0.6902 0.5863 0.8331 0.9089
0.1593 0.3326 0.6181 0.4462
1 0.4478 0.7532 0.3904
0.1121 0.2146 0.3889 0.222
0.4998 0.5226 0.8891 0.7529
0.561 0.5639 0.5603 0.8676
0.5244 0.5286 0.3659 0.5893
0.4361 0.1336 0.5198 0.2642
0.1904 0.5223 0.4243 0.2638
0.3077 0.3415 0.462 0.1827
0.4752 0.2298 0.48 0.2202
0.0061 0.0536 0.1206 0.3553
0.4625 0.4748 0.2743 0.1789
0.5207 0.6901 0.5716 0.7874
0.6432 0.2356 0.127 0.2123
0.5041 0.1809 0.6693 0.2459
0.342 0.4593 0.5024 0.4698
0.5811 0.3253 0.3741 0.6882
0.5371 0.4312 0.3804 0.6915
0.4519 0.8432 0.1543 0.7715
0.4047 0.3653 0.3507 0.3339
0.6082 0.4925 0.3686 0.4105
0.8701 0.6225 0.523 0.5049
0.173 0.2882 0.1326 0.1389
0.806 0.3566 0.49 0.6328
0.2043 0.2895 0.4801 0.7712
0.6038 0.3592 0.4555 0.2067
0.5389 0.4202 0.3397 0.6895
0.1452 0.369 0.4286 0.5174
0.3206 0.6585 0.6704 0.5128
0.1837 0.1523 0.3732 0.5497
0 0 1 0.3068
0.321 0.1694 0.3857 0.458
1 0.0643 0.5659 0.1671
0.4029 0.2406 0.0677 -0.0435
0.3648 0.3648 1 0.4794
0.2488 0.126 0.369 0.1032
0.3464 0.1557 0.1662 0.2973
0.6261 0.548 0.5002 0.4684
0.265 0.0638 0.2643 0.2294
0.1852 0.2558 0.5669 0.0614
0.3706 0.1808 0.6094 0.1753
0.2258 0.3118 0.4204 0.4176
0.1169 0.0986 0.3216 0.2927
0.2146 0.4552 0.3395 0.6057
0.4225 -0.0268 0.1388 0.0406
0.0127 0.1869 0.1987 0.1435
0.198 0.3735 0.3133 0.2782
0.5204 0.6994 0.565 0.5175
0.2462 0.4348 0.2696 0.769
0.4288 0.5772 0.3407 0.4205
0.6178 0.4213 0.281 0.0296
