0.752
0.884
0.988
0.828
0.944
0.964
0.976
0.688
0.708
0.612
0.636
0.988
1
0.996
0.804
0.984
0.86
0.928
0.808
1
0.824
0.984
1
0.888
0.808
0.996
1
0.984
0.648
0.9
0.796
0.98
1
0.928
0.98
0.936
0.768
0.976
0.96
0.88
0.988
0.832
0.98
0.992
0.896
0.792
1
0.932
0.976
0.816
0.98
1
0.7
0.772
0.796
0.832
0.992
1
0.932
0.956
0.7
1
0.892
0.676
0.968
0.98
0.844
0.972
0.992
1
0.868
0.944
0.996
1
0.98
0.76
1
0.556
1
0.992
1
0.752
1
0.832
0.984
0.936
0.944
0.984
0.836
0.836
0.808
0.852
0.856
0.856
0.936
0.964
0.984
0.952
0.988
0.672
