0.304
0.984
0.96
0.832
0.888
0.948
0.968
0.856
0.904
0.896
0.932
0.864
0.956
1
0.98
0.928
0.84
0.972
0.968
0.968
0.964
0.892
0.972
0.94
0.808
0.876
0.932
0.98
0.96
0.968
0.72
0.976
0.848
0.932
0.88
0.932
0.956
0.964
0.856
0.968
0.94
0.928
0.952
0.98
0.948
0.772
0.992
0.968
0.88
0.82
0.952
0.964
0.908
0.824
0.8
0.956
0.856
0.9
0.988
0.696
0.984
0.96
0.94
0.94
0.8
0.992
0.956
0.928
0.964
0.944
0.96
0.952
0.964
0.98
0.968
0.924
0.896
0.956
0.964
0.74
0.848
0.944
0.944
0.964
0.836
0.976
0.948
0.86
0.92
0.876
0.948
0.968
0.892
0.872
0.816
0.836
0.848
0.964
0.88
0.928
