-0.0552
-0.0278
0.0018
0.0214
-0.0575
0.0261
0.0598
0
0.0256
0.0194
-0.0169
-0.0343
-0.0069
0.0634
0.0596
-0.0237
-0.1049
0.0121
0.1256
0.0297
-0.0854
0.1435
-0.0204
0.0155
0
0.0805
0
0
-0.0153
0.1048
0.1676
-0.029
-0.0804
-0.0286
0.0093
-0.0396
0.0551
0.1484
-0.0276
-0.0151
-0.0269
-0.0145
0.0029
-0.0106
0
-0.0469
-0.023
-0.0042
-0.0421
-0.0309
-0.0115
-0.012
-0.0216
0.0224
-0.015
-0.0184
0.0119
-0.1309
0.0599
-0.0154
-0.0036
-0.0736
-0.0743
0.0267
-0.0062
0.0684
-0.0923
-0.1136
0.0326
0.0159
0
-0.0107
-0.0979
-0.0122
0
0.0259
-0.0465
-0.0327
-0.019
0.0783
-0.0808
0
-0.0339
-0.0145
0.0492
-0.0317
-0.0256
0
0
0.1179
-0.0669
0.2457
-0.0554
-0.047
-0.0312
-0.0164
-0.0058
0.3439
-0.0535
0.0061
