0 0 0 0 0
0.4108 0.8042 0.5114 1 0.7682
0.9242 0.1907 0.8259 0.642 0.288
0.5747 0.1939 1 0.9179 1
0.2325 0.0781 0.0614 0.4234 0.76
0.5308 0.4524 0.8026 0.8989 0.3745
0.5886 0.4797 0.4043 0.6923 0.5024
0.4655 0.1865 0.7765 0.7525 0.3235
1 0.3615 0.6775 0.6735 0.6798
0.1774 0.3917 0.7989 0.5412 0.3382
0.513 0.7929 0.196 0.8341 0.9737
0.4447 0.6771 0.5382 0.4765 0.3606
0.4475 0.7642 0.8877 0.4598 0.9058
0.7663 0.9656 0.7819 0.8324 0.9542
0.783 0.5318 1 0.8874 0.8853
0.5277 0.6932 0.3064 0.8667 0.7972
0.9608 0.1964 0.1124 0.8651 0.5008
0.6639 0.8313 0.1849 0.8183 0.9905
0 0.9915 0.389 0.9727 1
0.6397 0.5618 0 0.8218 0.9767
0.2458 0.6269 0.1963 0.4666 0.2857
0.1162 0.4619 0.0657 0.6144 0.4689
0.8784 1 0.4541 0.8565 0.8133
0 0 0 1 0.9476
0.783 1 0.7202 0.258 0
0.4733 0.6422 0.391 0.5923 0.4081
0.6522 0.4614 0.2001 0.8705 0.9356
0.9804 0.9918 0.5224 0.3507 0.7457
1 0.6386 0.1005 1 0.1839
0.5323 0.111 1 0.8926 1
0.1762 0.6877 0.5035 0.4166 0.5406
0.0648 0.6201 0.9944 1 1
1 0.9905 0.5035 -0.0166 0.3073
0.7422 0.7357 0.7463 0.8149 0.2096
0.3602 0.7213 0.8716 0.3152 0.7693
0.3902 0.3499 0.542 0.4817 0.3869
0.517 0.7568 0.9873 1 0.1195
0.32 0.6452 0.9257 0.8819 0.92
0.184 0 0.2125 0.2016 0.8153
0 1 1 0 0.522
0.8597 0.7611 0.544 0.7762 0.5474
0.1304 0.4998 0.0253 0.1141 0.5387
0.649 0.9185 0.3985 0.9067 0.9455
0.8428 0.0809 0.9196 0.2233 1
0.9846 0.8874 0.8327 0.7887 0.7843
0.0097 0.6201 0.3027 0 0.9263
0.6261 0.7431 0.9486 0.7802 0.7558
0.4695 0.1494 0 0.992 1
0.4305 0.9295 0.9553 1 0.951
0 0 1 0.7792 1
0 0 1 1 0
0.6847 0.4099 0.4706 0.8052 0.5354
0.5981 0.4892 0.5931 0.0746 0.097
0 0.9842 0.3696 0.3137 0.5245
0.3898 0 0.2674 0.0938 0
0.5465 1 0.4886 0.8565 0.5932
0.8068 0.2041 0.7768 0.4286 0.6287
0.6876 0.4321 0.3773 0.7642 0.4807
0.7864 0.3958 0.5045 0.8628 0.5736
0.5854 0.4337 0.3257 0.1488 0.723
0.892 0.8923 0.2334 0.92 0.8079
0.8518 0.4505 0.5778 0.1578 0.4929
0.9394 0.4115 0.7512 0.6787 0.9445
0.4736 0.3855 0.4253 0.2343 0.8246
0.5822 0.7654 0.5543 0.2294 0.6368
0.5292 0.7654 0.9575 0.9193 0.8047
1 0 0 1 0.7177
0.4184 0.812 0.3786 0.5768 0.7874
0.4872 0.1146 0.5523 0.7504 0.8696
0.0215 0.8624 0.7975 0.6702 0.2253
0.4218 0.9898 0.9168 0.5465 0.5995
0.3193 0.1805 0.7913 1 0.8048
0.7921 0.548 0.8697 0.9294 0.428
0.9874 0.4392 0.9944 0.4628 1
0.5596 0.3698 0.5695 1 0.6898
1 0.7659 0.5673 0.0059 0.0425
0.2531 0.982 0.2281 0.7996 0.7405
1 0.7443 0.7818 0.3719 0
0.2139 1 0.7672 0.2161 0.8642
0.2222 0.4441 0.8814 0.7638 0.6314
0.0062 0.757 0.0461 0.0736 0.7507
0.9249 0.7376 0.4898 0.5194 0.4794
0.7973 0.6987 0.1591 1 0.9598
0.5902 0.5353 0.8313 0.6358 0.354
0.5661 0.1373 0.2176 1 0.9172
0.4157 1 0.6506 0.7395 0.2539
0.9219 0.8866 0.6895 0.6378 0.7605
0.9622 0.9445 0.8888 0.3679 0.3016
0 0.7795 0.9136 0.8039 0.1583
0.6894 0.3021 0.6125 0.6694 0.5163
0.2001 0.615 -0.0398 0.992 0.9745
0.1849 0.9785 -0.0295 1 1
0.6449 0.5246 0.4818 0.6224 0.7205
0.5856 0.7634 0.017 0.8486 0.4597
0.5152 0.2027 0.9039 0.0242 0.4777
0.2489 0.1178 0.2694 0.772 0.8913
0.2174 0.1935 0.7182 0.1879 0.2258
0.4767 0.6355 0.5878 0.3859 0.1707
0.8347 0.5423 0.7803 0.9613 0.8152
0.4794 1 0.4629 0.9294 0.2829
