0.5188 0.1192 0 0.5345 0.9023
0.4883 0.9656 0.9167 0.1484 0.7846
1 0.8498 0.7466 0.8234 0.8848
0 0.4091 0.3068 0.6741 1
0.3998 0.7251 0.4223 0.3243 1
0.9761 0.9832 1 0.9058 0
0.3547 0.8808 0.0235 0.7805 0.5705
0.3513 0.5123 0.0209 0.037 0.9259
0.487 1 1 0.7083 0.8681
0.3957 0.3058 0.899 0.7225 0.3836
0.0846 0.7222 0.9117 1 0.5283
0.5391 0.3084 -0.068 0.6689 0.7971
0.2873 0.7706 0.3558 0.7495 0.0647
0.5403 1 0.8836 0.8386 0.8224
0.4683 0.6335 0.8536 0.3661 1
0.7407 0.6351 0.4372 0.9944 0.7573
0.9537 1 0.951 0.8693 0.5959
0.1801 0.3999 0.8949 0.1122 0.6428
0.9476 0.494 0.0834 0.2233 0.3431
0.6831 0.8931 0.3252 0.588 0.1044
0.7177 1 0.6032 0.4881 0.6934
0.7417 0.6115 0.9106 0.1535 0.7711
0.112 0.6212 0.0993 0.5129 0.4772
1 0.5123 0.6612 0.8266 0.5853
0.643 0.4316 0.1074 0.0826 0.4624
0.9076 0.4195 0.7082 0.515 0.375
0.2831 0.6326 0.4468 0.4058 0.4717
0.8921 0.8655 0.6602 0.5894 1
0.5832 0.4683 0.8838 0.4675 0.1155
0 0.607 0.4794 0.2916 0.6672
0.5494 -0.0816 0 0.2416 0.6251
0.9008 0.899 0.3042 0.3747 0.3454
0.7792 0.6683 0.905 0.6871 0.1167
0.8325 0.3433 0.4541 0.8882 0.123
0.9169 0.6218 0.5981 0.8245 0.1466
0.546 0.6565 0.132 0.897 0.1782
0.6975 0.529 0.7528 1 0.257
0.6849 0.269 0.6279 0.3825 0.8063
1 0.5574 0.9258 0.5417 0.6537
0.7538 0.2889 0.6922 0.7846 0.5334
1 0.9731 0.4533 0.168 0.9983
0.6616 0.7879 0.7913 0.8865 0
0.2285 0.8651 0.8877 0.0196 0.6469
0.5547 0.8756 0.1526 1 0.2653
0.8436 0.9282 1 0.9326 0.8186
0 0.5355 0.9147 0.2312 0.2332
0.5208 0.6701 0.4504 0.3699 0.0903
0.709 0.8287 0.6094 -0.0268 0.6394
0.8902 0.4429 -0.0268 0.8172 0.9373
0.8471 0.9572 0.1347 0.0738 0.371
0.3528 0.7598 0.3865 0.6797 0.6457
0.4671 0.9905 0.5419 0 0.583
0.7319 0.6865 0.7124 0.637 0.8068
1e-04 0.9217 0.5749 0.4324 0.2783
0.9434 0.4623 0.797 0.4994 0
0.0415 0.8285 0.9256 0.6523 0.318
0.0573 0.1004 0.245 0.406 0.6721
0.6528 0 0 1 0.7711
0.9105 0.1801 1 0 0.5557
1 0.9369 0.1179 0.1554 0.9983
0.2653 -0.0865 0.9606 0.0752 0.1646
0.012 0.8074 0.9741 -0.1259 0.4164
0.7414 0.4604 0.7637 1 0.6203
-0.0309 0.9346 0.9739 0.293 0.615
0.1953 0.9715 0.3625 1 0.7182
0.8618 0.0955 0.7369 0.1644 0.9835
0.8965 0.3518 0.899 0.9339 0.976
0.8195 1 0.064 0.1007 0.8023
0.1903 0.5742 0.5374 0.5634 0.3723
0 0.7211 0.2163 0.8158 1
0.9105 0.9296 0.393 0.8057 0.4153
0.3202 0.9739 1 0 0.7957
0.7219 0.7177 0.6864 0.6286 0.7481
0.5463 0.9232 0.4552 0.8246 0.2904
0 0.3915 0.7211 0.9217 0.7878
0.2343 0.6779 0.9641 0.8254 0.5745
0.7965 0.2566 0.6653 1 0.6155
1 0.9527 0.148 0.3345 0.8047
1 0.1705 1 0.5629 0.764
0.5873 0.4317 0.0837 0.2957 0.3019
0.2235 0.9973 0.8746 0.7072 1
0.5933 1 1 0.6386 0
0 1 0.7101 0.6238 0.5506
0.6257 0.988 0 0.5497 0.3491
0.8905 0.4405 0.8202 -0.0268 0.3679
0.7576 0.382 0.8807 0.1544 0.8099
0.9241 0.6725 0.6927 0.5423 0.3748
0.8862 0.1324 0.5412 0.271 0.6564
0.3526 0.5884 0.5276 0.922 0.132
0.4412 1 0.886 0.4301 0.4367
0 0.247 0.5875 0.8948 0.4236
0.4785 0.9901 0.6669 0.2233 0.6194
0.679 0.9838 0.9398 0 0.8266
0.7637 0.6386 1 0.6547 0.5698
0.4992 0.1383 0.8781 0.7227 -0.0548
0.8473 0.4015 0.1756 0.9435 0.7718
0.6942 0.2398 0.9951 0.206 0.7735
1 0.6767 0.5865 0.9763 0.5261
0.848 0.6313 0.1866 0.3905 0.7433
1 0.3728 0.2578 0.9179 0.8061
