0.936
0.892
0.984
0.86
0.98
0.804
0.968
0.964
0.984
0.884
0.936
0.876
0.888
0.996
0.98
0.9
0.972
0.912
0.92
0.956
0.88
1
0.964
0.904
0.9
0.876
0.976
0.82
0.988
0.896
0.976
0.948
0.96
0.76
0.948
0.8
0.688
0.944
0.964
0.956
0.996
0.98
0.984
0.928
0.988
0.996
0.916
0.944
0.44
0.956
0.644
0.856
0.796
0.992
0.944
0.872
0.996
0.972
0.968
0.952
0.928
0.964
0.956
0.972
0.924
0.972
0.964
0.912
0.896
0.892
0.92
0.808
0.916
0.892
0.964
0.904
0.928
0.8
0.948
0.592
0.996
0.868
0.752
0.988
0.976
0.936
0.968
0.992
0.964
0.864
0.936
0.912
0.952
0.728
0.796
0.94
0.772
0.992
0.848
0.98
