0.1096 0.19 -0.0204 0.0812
-0.0278 -0.024 -0.0252 0.1935
0.0758 -0.023 1e-04 0.0763
0 0 -0.0268 0.0062
0.061 -0.0974 -0.0951 0.0665
0.0299 0.3387 0.0317 0.0086
0.0915 0 0 -0.055
0 0 0 -0.0379
0.091 0.284 0.1201 0.0292
0.5192 -0.0035 -0.0052 0.0014
0.4886 0.1079 0.1333 0.1118
0.1009 0.0591 -0.0023 0.0785
0.003 0.0171 0.0359 0.0494
-0.0265 -0.0241 -0.0155 -0.0385
0.0405 0.0247 0.065 -0.0294
-0.1043 0 0 -0.0278
0.0482 -0.1073 0.0591 0.1451
0.0522 -0.0338 -0.0151 0.0081
-0.0806 -0.0245 -0.0242 0.1467
-0.0198 0.0324 0.1086 0.0532
-0.025 -0.0057 0.017 -0.0088
-0.0299 0.1815 -0.0118 -0.0256
0.0246 0.1056 0.0904 0.0622
-0.1289 0.1912 0 0
0 0.0155 -0.0334 0.0465
-0.0309 -0.0288 -0.0168 0.0348
0.0204 0.0306 -0.0234 0
0 0.016 4e-04 -0.0226
-0.0144 -0.0268 0.0411 -0.0086
0.0094 0.0252 -0.0089 -0.0092
-0.0452 0.1819 -0.0078 -0.0086
0.0911 0.1316 -0.0402 0.013
0.024 -0.047 0.1098 0.0399
-0.0204 0.0299 0.0902 0.0372
0.1204 0.0136 0.0841 0.1701
0.0118 0.0148 0.1052 -0.0334
-0.0014 -0.076 -0.047 0.1484
0.122 -0.0489 0.3297 0.121
-0.0162 0.0091 -0.0211 -0.0401
0 1 0 0.208
0.0966 0.0824 0.0149 -0.0297
0.0158 0.1774 -0.014 -0.0187
0.0315 0 0 -0.0313
0.0073 -0.0071 0.0557 -0.0359
0 1 1 1
-0.0573 0 0 0.0056
-0.0017 -0.0086 -0.0314 -0.0596
0.1506 -0.0043 0.1172 -0.0016
-0.0494 0.0144 -0.0129 -0.0096
0.0241 -0.0127 0.0287 -0.0027
-0.052 -0.0187 -3e-04 0.079
0.0308 0.1699 0.1315 0.0354
-0.0039 0.0489 0.0417 0.0329
-0.0421 0.0183 -0.0438 0.0451
0.0243 -0.0188 0.0939 0.0605
-0.0716 0.1451 0.0603 0.0656
0 0 0.0303 -0.0117
0.1521 0.037 0.0516 0.0386
-0.0107 0 0 0.2133
0.0526 -0.0328 0.1112 -0.0351
0.0742 0.0478 0.0028 0.0284
0.0855 0.075 0.0458 -0.0295
-0.0288 0 0 0.2107
-0.0695 0.2674 0 0
-0.0274 0.1538 -0.0225 -0.0128
0.1083 0.0146 0.1141 0.1223
-0.0359 -0.0238 0.0161 -0.0365
-0.0361 0.0984 0.0583 -0.0189
0.1932 0.2032 0.0769 -0.0224
-0.0682 -0.1414 -0.0068 0.0182
0 -0.0187 0 0
0.0191 0.0357 -0.0431 0.19
0.0588 -0.0309 -0.0193 -0.0942
-0.0079 -0.04 -0.0037 -0.0696
0.066 0.4462 0.2194 0
-0.0433 0.0585 -0.1113 -0.0237
-0.0492 -0.0201 0 0
0.0529 -0.0656 0.0232 0.0396
0.0032 0.0267 -0.0227 -0.0204
0.2458 0.2626 0.2908 0.8375
-0.002 0.0844 -0.0288 0.1026
0.0052 -0.0203 0.0119 0
0.0496 0.1459 -0.0092 -0.0018
-0.0114 -0.0347 -0.0259 -9e-04
0 0 -0.0163 0.0616
0.3568 0.4683 0 0
0.3757 0.079 -0.0027 -0.0158
0 0.1376 -0.0355 -0.0345
0.0323 -0.0343 -0.0233 0
-0.0272 -0.0272 0.2467 0.5039
0.0114 0.0216 -3e-04 0.0517
0.3417 0.151 0 0
0.0358 0.1007 0.0161 0.0903
0.1707 -0.024 0.2448 0.0176
-0.0545 0 0 -0.0204
-0.0193 0.0267 0.0021 -0.0252
0.2298 0.0223 0.4052 0.0809
0 1 1 0
0.0284 -0.029 -5e-04 0.0534
-0.0106 0.0038 -0.029 -0.0262
