1
0.0085
0.0263
0.014
-0.0208
0.0069
-0.0443
-0.0102
0.0015
-0.0303
0.0027
-0.0085
0.0465
-0.0431
-0.0576
-0.017
-0.0087
0.0265
0
-0.0764
0.1616
-0.008
-0.1155
0
0
-0.0065
-0.0217
-0.0385
-0.0312
0.0441
0.0012
-0.029
-0.0186
-0.0956
-0.0395
-0.044
-0.0304
-0.0178
0.0147
0
0.021
-0.0445
-0.0655
0.0456
0.0765
-0.0097
0.006
-0.1107
-0.0365
0
1
0.0274
-0.0716
0
0
-0.0073
0.0077
-0.035
-0.0242
0.0233
-4e-04
-0.0155
-0.0126
0.1072
0.0167
0.0281
-0.0324
0.1017
-0.0416
0.2837
0.0298
-0.0468
-1e-04
0.2111
-0.0159
-0.0593
-0.0185
0
-0.0128
-0.0434
-0.0213
-0.0285
0.0182
-0.0266
0.1235
0.0838
-0.0138
-0.0154
0
0.0471
-0.0912
0.2888
0.0038
-0.0431
0.0634
-0.1204
-0.0301
-0.0508
0.0529
-0.0481
