0.3676 0.8957 0.8498 0.7365 0.9932
0.9657 0.2008 0 0 0.8947
-0.0204 1 1 1 0
0.8276 0.9441 0.9364 1 0.8758
0.6863 0.7793 0.882 0.7542 0.7872
0.5077 0.6472 0.7905 0.9506 0.8873
0.5085 0.7817 0.539 0.9562 0.6187
0.5543 0.7756 0.9032 0.9502 0.7477
0.859 0.9107 0.82 0.5033 0.2086
0.8293 0.9052 0.9582 0.5101 0.4737
0.4238 0.3999 0.492 0.6882 0.6579
0.4171 0.612 0.7836 0.7113 0.4544
0.4054 0.8438 0.7598 0.5562 0.1722
0.6607 1 0.988 1 0.6528
0.9813 0.8782 0.928 0.9562 0.9706
0.4269 0.8728 1 0.0908 0
0.6566 0.7254 0.9071 0.6447 0.1701
0.3336 0.6316 0.5998 0.6631 0.786
0.7333 0.9457 0.6259 0.9379 0.4764
0.168 0.7903 0.526 0.4524 0.4242
0.9984 0.9493 0.328 0.923 0.2165
0 1 0.6528 1 0.8386
0.3632 0.6705 0.9554 0.8082 0.4686
0.2104 0.4759 0.7207 0.7006 0.7038
0.8059 0.5221 0.4208 0.9216 0.9216
0.2279 1 0.9493 0.3927 0.3461
0.5359 0.7149 0.345 0.3957 0.4721
0.7471 0.4591 0.7458 0.9067 0.6844
0.3684 0.376 0.4249 0.8422 0.9951
0.4561 0.7369 0.5738 0.3975 0.6373
0.9892 0.7199 0.9855 0.8219 0.3462
0.4979 0.8867 0.4369 0.5503 0.5324
0.2718 0.2087 0.9013 0.8039 0.2027
0.5853 0.0419 0.7489 0.4346 0.5318
0.6612 0.9413 0.5526 0.7652 0.7974
0.5497 0.9759 0.6539 0.2957 0.9151
1 1 0.8887 0.4628 0.6099
0.5186 0.9785 0.4665 0.256 0.6358
0.4458 1 0.9828 0.6564 0.5684
0.7507 0.4541 0.7487 0.3247 0.4386
1 0.985 0.996 0.8676 0.8386
0.7708 1 1 0.3061 -0.0154
0.8715 0.9007 0.9413 0.9145 0.5365
0.5197 0.568 0.9656 0.5522 0.2533
0.6855 0.4836 1 0.7335 0.4739
1 0.9175 0.8246 0.8325 0.9873
0.6721 0.4724 0.6223 0.7349 0.226
0.211 0.9603 0.7164 0.8551 0.6818
0.1976 0.2771 0.3893 0.3622 0.2843
0.915 0.2636 0.6046 0.6414 0.9567
0.309 0.0365 0.1241 0.7204 0.7221
0.7584 0.6518 0.6028 0.5743 0.6482
0.8388 0.9143 0.8717 0.296 0.0392
1 1 1 0.7834 0.6552
0.7475 0.7805 0.3857 0.193 0.4162
0.5616 0.169 0.2955 0.747 0.3816
0.8181 0.2076 0.8488 0.8667 0.9279
0.7581 0.5607 0.7075 0.9897 0.8008
0.8872 0.4464 0.8064 0.6881 0.4357
0.6153 0.6488 0.3842 0.5863 0.7466
0.7465 0.3374 0.3851 0.8378 0.775
0.9112 0.8163 0.3141 0.8345 0.7391
1 0.7792 0.6385 0.9352 0.7605
0.7792 0.8724 0.5811 0.902 0.9247
0.5222 0.5535 1 0.6099 0.3047
0.3566 0.93 0.9653 0.8302 0.3802
0.5096 0.9516 0.881 0.6278 0.3371
0.6299 0.5676 0.9674 1 0.2869
0.6181 0.2759 0.4646 0.3637 0.8347
0.2588 0.9256 0.8775 1 0.8892
0.206 0.7034 0.5854 0.4634 0.618
0.0899 0.3893 0.3442 0.4798 0.4284
0.4847 0.8902 0.758 0.5745 0.6086
0.7776 0.8451 0.5294 0.6602 0.3149
0.3451 0.8723 0.8598 0.675 0.7412
0.5657 0.7086 0.5656 0.5149 0.2293
0.437 0.3902 0.6984 0.1946 0.6497
0.9753 0.9014 0.7354 0.9534 0.8203
0.6723 0.6553 0.8638 0.9453 0.8484
0.1391 0 0.0477 0.0722 0.3272
1 0.8596 1 0.6898 0.8751
0.1813 0.8862 0.8957 0.7547 0.9553
0.1262 0.2569 0.331 0.404 0.3211
1 0.9969 0.4794 0.6528 0.633
0.894 0.5378 0.9967 0.7135 0.8735
0.65 0.8907 0.8291 0.8422 0.8774
0.6265 0.6484 0.8361 0.3442 0.6711
0.5759 0.9951 0.965 0.9149 0.891
0.609 0.5143 0.7862 0.3051 0.5743
0.1893 1 0.3 0.424 0.7998
0.9892 1 0.9152 0.6905 0.0855
0.9984 0.9639 0.1083 0.8763 0.7698
0.9639 1 0.7135 0.3815 0.9983
0.2358 0.0168 0.0382 0.4551 0.0862
0.7307 0.3612 0.4508 0.2706 0.5438
0.4338 0.9238 0.5184 0.9099 0.766
0.3301 0.363 0.4391 0.4398 0.9332
0.8655 0.9305 0.9409 1 0.3598
0.5652 0.5654 0.3179 0.671 0.8835
1 0.9842 1 0.8888 0.5911
