-0.0192 0 0 0.0635
-0.0246 0.0344 -0.0322 0.0044
-0.0953 -0.0088 0.018 -0.0498
0 0.1073 -0.0308 -0.0237
-0.0215 -0.0061 0.1056 -0.0385
-0.0184 0.0171 0.0207 0
0.2161 0.2066 0.3272 0.0413
0.0705 0.1242 0.2073 0.5467
-0.1473 -0.0018 -0.0207 -0.0131
0.0757 0.1828 0.1949 -0.0126
0.0072 0.0769 0.0786 -0.0714
0.0078 0.0478 0.2497 0.1072
0.0419 0.1238 0.1691 0.0656
-0.0044 0.0296 -0.005 -0.0172
-0.0193 0.0184 0.0156 -0.0663
-0.0433 -0.0125 -0.0036 -0.0444
0 0 -0.0259 0.0412
-0.0558 -0.0059 0.0455 0.0355
-0.016 -0.0676 -0.0015 0.1098
-0.0519 -0.0829 -0.0375 0.0114
0.109 -0.0941 -0.0669 0.1942
0.0493 -0.011 0.0103 0.0501
0.0332 0.3789 0.287 0.0338
-0.0029 -0.0181 -0.0126 0.135
-0.0352 0.0075 0.1598 0.0378
-0.0588 7e-04 -0.006 0.013
-0.0058 0.0638 0.0923 -0.02
0.1338 0.0095 -0.0049 -0.0561
-0.024 0.0033 -0.0131 -0.1329
0 -0.0328 -0.0331 -0.0089
0.7641 0.6716 0.7063 0.6187
-0.0318 -0.0159 -0.0288 0.2155
-0.0504 -0.0106 -0.0061 -0.0466
0.178 -0.0524 -0.0551 0.1558
-8e-04 0.0836 -0.0152 0.0857
-0.0084 -0.0206 -0.0186 -0.0925
0.0016 0.0166 0 0
-0.0131 -0.0181 -0.0053 0.0697
0.0815 9e-04 -0.0047 -0.0348
-0.0135 0.0152 -0.0455 7e-04
0.0271 -0.0306 -0.0126 -0.0198
0.0332 0.0053 -0.0257 0
-0.0083 0.01 0.1056 0.0084
0.1056 0.0265 -0.0536 -0.047
0.0917 -0.0086 -0.0461 0.1472
0 0.1212 -0.0309 0.0822
-0.0108 0.0072 0.0394 -0.0246
0.0378 0.0614 0.0387 0.0105
0.0845 -0.0309 -0.0175 0.0018
-0.0309 -0.041 0.0943 -0.1001
0.0733 0.0242 -0.1014 0.0216
-0.0954 -0.0815 0 0
0.0343 -0.0459 0.0395 -0.0112
0.0529 -0.0188 0.1406 0.0762
-0.002 0.0284 -0.0343 -0.0305
-0.0295 -0.0779 -0.0557 0.0095
-0.0204 -0.0312 -0.0043 0.0011
0 1 0 -0.0269
0.0287 -0.0844 0 0
-0.0709 -0.005 -0.0911 -0.0299
0.0459 -0.0192 -0.0078 -0.0594
0.7557 0.1606 0.7658 0.0513
0.0692 0.0272 0.0075 0.0687
0.0445 -0.0357 -0.0735 0.0463
0.4705 0.1056 0.1165 0.2812
0.1399 0.1004 0.0259 0.262
0.0194 -0.0385 -0.0221 -0.0132
-0.011 -0.0204 -0.0204 -0.019
-0.0948 0.1056 -0.0514 -0.0478
0 0.0217 -0.0127 0.0047
-0.0203 -0.0435 0.0583 0.0549
0.02 0 1 0
0.0914 -0.0057 0.0348 -0.0278
-0.0474 -0.0095 0.0288 -0.0165
0 -0.0294 -0.0077 -0.0116
0.0239 -0.0144 0.1256 0.0112
-0.0267 -0.0049 -0.0188 0.0025
-0.0051 0.0258 0.0071 0.0467
0.3663 0 0 0.0115
0.1493 0.5275 0.272 0.3794
-0.0557 -0.0172 0.1628 -0.0024
0 0 -0.0998 0
1 0 0.0259 0.0031
-0.0496 0 0 0.0755
-0.0134 -0.0476 0.0265 -0.0086
0.0598 -0.0152 0.0928 -0.0578
-0.1037 -0.0369 -0.1038 -0.101
0.2602 0.0843 0.0434 0.0515
-0.0264 -0.0297 -0.0071 -0.0078
0.0509 -0.0335 0.2312 -0.0722
-0.0268 -0.0382 -0.0488 -0.0219
0.0619 0.0151 -0.0144 0.0642
0.0814 0.0633 0 0
0.1434 -0.0919 0.1738 0.1764
-0.0308 0.0648 -0.0365 -0.0141
0.0012 0.1195 0.0103 0.0053
0.3287 0.2183 0.2618 0.1808
0.04 0.0034 -0.0413 -0.0701
-0.0268 0.0022 -0.0315 0.008
0 0.2126 0.1676 -0.0868
