0.9812 0.8498 0.9842 0.9881 0.9881
1 1 1 1 1
1 0.9399 0.9966 0.9335 0.7382
0.9599 0.9621 1 0.8707 0.7006
0.7563 0.9782 0.9782 0.9757 0.9731
0.8288 0.9553 1 0.8434 0.7749
0.9944 0.9944 0.7792 0.7792 0.7792
1 1 1 1 1
0.6655 0.7209 0.8515 0.9983 0.6468
0.8912 0.8164 0.8867 0.9332 0.7922
0.9937 0.9906 0.756 0.5429 0.6201
0.8731 0.8989 0.8923 0.7194 0.5467
0.3785 0.5339 0.5627 0.572 0.0933
1 1 1 1 1
0.8546 0.9562 0.9419 0.9808 0.8244
0.9809 0.9905 0.9905 0.992 0.7761
0.8889 0.987 0.987 0.9859 0.8897
0.9624 0.9488 0.9288 0.9202 0.9721
0.7393 0.7195 0.9578 0.9578 0.8504
0.8349 0.8485 0.9256 0.8563 0.8563
0.5143 0.5124 0.7119 0.7454 0.723
0.9491 0.9477 0.9477 0.9477 0.8761
1 0.9227 1 0.9146 0.8766
0.8444 0.9645 1 0.8411 0.7092
0.8284 0.8672 0.898 0.9295 0.8909
0.6091 0.7921 0.8237 0.8099 0.7305
0.7866 0.9033 0.9921 0.9925 0.7221
0.7215 1 0.8565 1 1
1 0.913 0.9072 1 0.6236
0.9458 0.9253 0.8182 0.8996 0.8981
0.8171 0.9194 0.9429 0.7879 0.822
0.9085 0.9885 0.9901 0.9183 0.9852
1 0.9753 0.9249 0.8659 0.9002
0.3234 0.3044 0.3044 0.2803 0.2386
0.8876 0.9804 0.9248 0.688 0.4615
0.8763 0.9789 0.983 0.9763 0.8791
0.9873 0.9811 0.8948 0.9729 0.8956
1 1 1 0.6528 0
0.9905 1 1 1 1
0.763 0.7501 0.8166 0.7216 0.7985
0.9538 0.9504 0.935 1 1
0.7324 0.8718 0.8794 0.9008 0.8677
0.7961 0.8622 0.821 0.8323 0.7122
0.9038 0.7033 0.697 0.6327 0.6142
0.9527 0.9418 0.8671 0.812 0.666
0.8207 0.3069 0.6336 0.7273 0.7044
0.8096 0.8702 0.9257 0.9598 0.9755
0.9874 0.8474 0.9272 0.8332 0.7233
0.4003 0.3789 0.3545 0.5288 0.4686
0.6004 0.6463 0.759 0.7626 0.7589
0.9453 0.9453 0.8146 0.7606 0.7054
0.8743 0.9479 0.946 0.9569 0.9569
0.922 0.9917 0.9508 1 0.8781
0.644 0.8222 0.8926 0.8972 0.7706
0.4683 0.4683 0.6528 0.9961 0.9961
0.9003 0.9936 0.9936 0.9021 0.8089
0.7797 0.9794 0.9088 0.7778 1
1 0.7799 0.9884 0.8804 0.8114
0.8882 0.9231 0.893 0.8528 0.6063
0.6305 1 1 0.6305 0.9944
0.8276 0.8973 0.7696 0.7696 0.7088
0.9138 0.9944 0.992 0.9074 0.7516
0.8316 0.7716 0.7307 1 0.8286
0.9269 0.9011 0.9407 0.7758 0.5723
0.8105 0.9172 0.8958 0.7918 0.7137
0.6419 0.5783 0.4977 0.4741 0.5598
0.6643 0.6356 0.7083 0.1672 0.314
0.8929 0.9268 1 0.8935 0.8425
1 0.9236 0.9558 0.8773 0.8081
0.8529 0.8027 0.8357 0.8058 0.8088
0.9285 0.8581 0.8998 1 0.8926
1 1 1 0.9025 0.8031
0.8912 0.8827 0.9858 0.9858 0.8848
0.5284 0.5129 0.9798 1 0.8419
0.7494 0.8142 0.9025 1 1
0.4867 0.4711 0.4466 0.5232 0.4967
0.8215 1 1 0.9314 0.9288
1 1 1 1 0.6528
0.7319 0.9654 0.9654 0.9337 0.9337
0.9901 0.9902 0.9967 0.9984 0.9984
0.8888 0.9893 0.9869 0.9181 0.9907
0.2884 0.2684 0.2454 0.239 0.1559
1 1 1 1 0
0.7302 0.8465 0.9967 0.7276 0.9657
0.6238 0.697 0.8487 0.8609 0.9602
0.644 0.7184 0.7376 0.6599 0.5414
0.5487 0.8997 0.8564 0.691 0.5787
0.5943 0.6271 0.5615 0.6773 0.6186
0.9281 0.8591 0.9461 0.848 0.8235
0.9197 0.9885 0.9868 0.9853 0.8527
0.7612 0.82 0.9033 0.7687 0.6075
0.863 0.8786 0.884 0.9578 0.8945
1 1 0.8221 0.5195 0.364
0.6613 0.9048 0.9037 0.7399 0.7444
0.9905 0.9905 0.7724 0.8807 0.8918
0.9984 0.8472 0.9213 0.9689 0.9673
0.9041 0.9041 0.8998 0.9893 0.8977
0.7966 0.7605 0.6678 0.7644 0.4723
0.9868 0.8899 0.8957 0.8298 0.7612
0.9395 0.8997 0.9131 0.9537 0.7515
