0.7265 0.7827 0.7267 0.5813
0.5194 0.3312 0.8785 0.6524
1 1 0 1
0.8989 0.7594 0.744 0.9357
0.854 0.7355 0.9368 0.8956
0.3485 0.7188 0.5098 0.455
0.5959 0.5661 0.5693 0.6318
0.7397 0.586 0.4156 0.5803
0.8522 0.7203 1 0.8302
0.8119 0.6864 0.7807 0.9353
0.8572 0.9231 0.9719 0.9904
0.1862 0.5603 0.4713 0.8035
0.6178 1 0.6432 0.6528
0.6178 0.587 0.5065 0.6432
0.4815 0.7684 0.547 0.7751
0.5959 0.6951 0.3688 0.5568
0.8343 0.6395 0.8576 0.5131
0.5835 0.598 0.5548 0.7829
0.5221 0.6102 0.4341 0.6177
0.6834 0.8024 0.7886 0.7472
0.6047 0.398 0.4489 0.7138
0.8959 0.7045 0.5602 0.8747
0.6304 0.7562 0.8065 0.6142
0.4782 0.4184 0.733 0.828
0.4852 0.6619 0.7511 0.6299
0.3918 0.6542 0.7747 0.411
0.8408 0.708 0.6809 0.8947
0.6492 0.6916 0.4735 0.6052
0.8828 0.7158 0.7904 0.6709
0.6546 0.5505 0.4705 0.7071
0.8311 0.7837 0.9198 0.9917
0.7507 1 0.659 1
0.7734 0.6833 0.6363 0.5889
0.6419 0.8372 0.6159 0.7709
0.7796 0.5003 0.5263 0.3219
0.6562 0.7618 0.5672 0.5097
0.7057 0.5941 0.7748 0.7466
0.6345 0.3516 0.5879 0.9438
0.4514 0.2997 0.6991 0.3473
0.7538 0.6851 0.8189 0.9215
0.647 0.7644 0.8775 0.9306
0.6745 0.5053 0.6849 0.863
0.6566 0.6497 0.7201 0.5752
0.5087 0.3609 0.2189 0.2865
0.7397 0.5984 0.623 0.8088
1 1 1 1
0.7181 0.5652 0.8334 0.7117
0.6995 0.7698 1 1
0.6012 0.548 0.7796 0.8554
0 0 -0.0204 0.4628
0.608 0.5992 0.4573 0.6929
0.5265 0.6789 0.8357 0.5288
0.4921 0.8522 0.7079 0.7456
0.7783 0.4765 0.6508 0.4222
0.6295 0.5661 0.676 0.6266
0.2848 0.1145 0 1
1 1 1 1
0.6008 0.6718 0.579 0.6466
0.7989 0.4646 0.2935 0.4236
0.7192 0.6973 0.9278 0.5139
0.4552 0.4692 0.6402 0.8464
0.6878 0.5572 0.5059 0.766
0.5702 0.7051 0.7041 0.8737
0.6432 1 1 0.783
0.661 0.3874 0.5206 0.8794
0.9151 0.7904 0.4819 0.6926
0.5732 0.7648 0.5536 0.5754
0.9291 0.8857 0.7896 0.8735
0.4242 0.5676 0.5834 0.4662
0.6718 0.5647 0.6432 0.4107
0.6084 0.5144 0.4781 0.7152
0.7431 0.3277 0.4516 0.6031
0.5713 0.6846 0.6722 0.5245
0.7684 0.913 0.7341 0.9957
1 0.897 1 1
0.9213 0.656 0.6793 0.8107
1 1 0 0.6432
0.65 0.737 0.58 0.8286
0 0 1 0.6432
1 1 0.8208 1
0.9403 0.6515 0.8649 0.7469
0.8954 0.4589 0.6583 0.6583
0.5188 0.4193 0.5865 0.5097
0.6432 1 -0.0204 0.6432
0.8119 0.6512 0.6706 0.7162
0.6657 0.6092 0.6725 0.9914
0.7607 0.3476 0.6326 1
1 1 1 1
0.3131 0.5101 0.7644 0.8363
0.9032 0.5864 0.8491 0.4697
0.5437 0.554 0.633 0.6703
0.722 0.8369 0.882 0.5607
0.9112 0.8099 0.6045 1
0.5722 0.6447 0.5034 0.6174
0.4549 0.5902 0.5199 0.9314
0.8432 0.3483 0.8413 0.5661
0.628 0.6064 0.6894 0.9216
0.7635 0.4687 0.8559 0.7013
0.4975 0.6332 0.183 0.366
0.7139 0.7959 0.7068 0.6426
