0.976
1
0.932
0.896
0.968
0.984
0.992
0.616
0.972
0.96
0.796
0.824
0.736
0.992
0.948
0.976
0.996
0.836
0.884
0.976
0.708
0.996
0.92
0.992
0.96
0.86
0.984
0.812
0.984
0.94
0.936
0.96
0.996
0.308
0.972
0.976
0.952
1
0.992
0.98
1
0.896
0.872
0.888
0.988
0.844
0.868
0.988
0.628
0.78
0.976
0.932
0.872
0.928
0.796
0.992
0.988
0.988
0.88
1
0.66
0.988
0.888
0.856
0.928
0.492
0.956
0.988
0.9
0.896
0.892
0.996
0.94
0.976
0.904
0.544
0.984
0.812
0.9
0.984
0.66
0.704
1
0.988
0.984
0.836
0.924
0.812
0.944
0.98
0.956
0.924
0.992
0.82
0.976
0.988
0.988
0.924
0.96
0.92
