0.712
0.964
0.948
0.716
0.92
0.924
0.976
0.948
0.984
0.948
0.912
0.884
0.952
0.936
0.96
0.96
0.804
0.96
0.932
0.96
0.988
0.844
0.908
0.908
0.94
0.984
0.924
0.968
0.988
0.964
0.928
0.912
0.96
0.936
0.98
0.944
0.876
0.932
0.928
1
0.932
0.876
0.92
0.948
0.82
0.984
0.884
0.916
0.944
0.948
0.964
0.968
0.908
0.98
0.9
0.964
0.992
0.828
0.844
0.856
0.944
0.98
0.976
0.852
0.916
0.956
0.928
0.92
0.984
0.96
0.912
0.984
0.988
0.948
0.924
0.912
0.828
0.936
0.964
0.92
0.952
0.9
0.856
0.892
0.948
0.848
0.876
0.832
0.988
0.808
0.98
0.884
0.984
0.94
0.696
0.98
0.916
0.664
0.868
0.984
